 &FCI NORB=  10,NELEC=14,MS2=0,
  ORBSYM=1,1,1,1,1,1,1,1,1,1,
  ISYM=1,
 &END
 2.304414899659213    1    1    1    1
 -3.081880402462135e-11    1    1    2    1
 2.303809743536092    1    1    2    2
 -0.1908305916332697    1    1    3    1
 1.721508352536816e-12    1    1    3    2
 0.7820657815974851    1    1    3    3
 -4.745063391688176e-12    1    1    4    1
 0.1919801370007558    1    1    4    2
 2.945504951057387e-12    1    1    4    3
 0.6661953565647262    1    1    4    4
 0.6860126144601464    1    1    5    5
 0.6860126144601469    1    1    6    6
 0.08355612687850372    1    1    7    1
 -4.527038466317634e-13    1    1    7    2
 0.06431131014244232    1    1    7    3
 -4.248171259213507e-12    1    1    7    4
 0.6839583714078343    1    1    7    7
 2.67663669006879e-12    1    1    8    5
 -3.825523231526518e-12    1    1    8    6
 0.7254737944909593    1    1    8    8
 -3.825419148117959e-12    1    1    9    5
 -2.676574240023655e-12    1    1    9    6
 0.7254737944909593    1    1    9    9
 3.60918033740637e-12    1    1   10    1
 -0.1306257430437452    1    1   10    2
 -3.798364400786625e-12    1    1   10    3
 -0.05000084297179065    1    1   10    4
 -3.291505956681817e-12    1    1   10    7
 0.8917597004592099    1    1   10   10
 -3.081916297685561e-11    2    1    1    1
 1.827598549191364    2    1    2    1
 3.082807121558562e-11    2    1    2    2
 1.664611848427137e-12    2    1    3    1
 -0.1974316417704677    2    1    3    2
 -2.903222367373059e-15    2    1    3    3
 0.1853144687304614    2    1    4    1
 1.562781588165807e-12    2    1    4    2
 -0.1747911969381922    2    1    4    3
 -9.32934285380327e-15    2    1    4    4
 1.586441850363192e-15    2    1    5    4
 -2.249936348341919e-15    2    1    5    5
 -2.372240802517607e-15    2    1    6    4
 -2.414735078559715e-15    2    1    6    6
 -5.772028905184912e-13    2    1    7    1
 0.06889106725342693    2    1    7    2
 -3.219646771412954e-15    2    1    7    3
 0.2518281145489804    2    1    7    4
 1.032131259357797e-15    2    1    7    6
 1.230959778553141e-14    2    1    7    7
 -1.378677614672184e-15    2    1    8    4
 -0.1586993750417765    2    1    8    5
 0.2268182030601169    2    1    8    6
 2.927460622598101e-15    2    1    8    7
 1.415534356397075e-15    2    1    8    8
 0.2268182030601167    2    1    9    5
 0.1586993750417765    2    1    9    6
 1.609823385706477e-15    2    1    9    9
 -0.1486811623815145    2    1   10    1
 -1.255441930969603e-12    2    1   10    2
 0.2251769868516868    2    1   10    3
 -5.058453655948369e-15    2    1   10    4
 1.002942787631225e-15    2    1   10    5
 -1.491080177322193e-15    2    1   10    6
 0.1951080495195453    2    1   10    7
 -1.332267629550188e-15    2    1   10   10
 2.303809743536092    2    2    1    1
 3.082787567972381e-11    2    2    2    1
 2.303206195359204    2    2    2    2
 -0.1906790712800252    2    2    3    1
 -4.936748058959051e-12    2    2    3    2
 0.7821581425431906    2    2    3    3
 1.506313520097113e-12    2    2    4    1
 0.1919185745516302    2    2    4    2
 -2.950334421214507e-12    2    2    4    3
 0.6661246701595565    2    2    4    4
 0.6860572942494085    2    2    5    5
 0.6860572942494089    2    2    6    6
 0.08361313451731468    2    2    7    1
 1.871465656055893e-12    2    2    7    2
 0.06437701550199196    2    2    7    3
 4.246297757859452e-12    2    2    7    4
 0.6838909561212381    2    2    7    7
 -2.676525667766327e-12    2    2    8    5
 3.825384453648439e-12    2    2    8    6
 0.7255010036759605    2    2    8    8
 3.825498945397854e-12    2    2    9    5
 2.676595056705366e-12    2    2    9    6
 0.7255010036759606    2    2    9    9
 -1.407943640147069e-12    2    2   10    1
 -0.130395413907184    2    2   10    2
 3.797046010944882e-12    2    2   10    3
 -0.05008125276840091    2    2   10    4
 3.289729599842417e-12    2    2   10    7
 0.8918377093535015    2    2   10   10
 -0.1908305916332697    3    1    1    1
 1.664541114399778e-12    3    1    2    1
 -0.1906790712800251    3    1    2    2
 0.0306399711358187    3    1    3    1
 1.851830863132398e-15    3    1    3    2
 0.001811683706833111    3    1    3    3
 4.377433931692298e-13    3    1    4    1
 -0.02585760734848274    3    1    4    2
 -6.991087396490681e-14    3    1    4    3
 -0.01245385603368463    3    1    4    4
 -0.001614667403130475    3    1    5    5
 -0.001614667403130476    3    1    6    6
 -0.006644109761994624    3    1    7    1
 3.140733793914954e-15    3    1    7    2
 0.007175349290763648    3    1    7    3
 1.148792432709156e-13    3    1    7    4
 -0.008886408369967925    3    1    7    7
 -4.204199922225316e-14    3    1    8    5
 6.008908648436062e-14    3    1    8    6
 -0.005910763596409126    3    1    8    8
 6.008886964392612e-14    3    1    9    5
 4.204384236594638e-14    3    1    9    6
 -0.005910763596409126    3    1    9    9
 -4.62507063761974e-13    3    1   10    1
 0.02764251739048806    3    1   10    2
 4.061464706217599e-14    3    1   10    3
 -0.002803662939127321    3    1   10    4
 5.651165299602745e-14    3    1   10    7
 -0.005474737027205478    3    1   10   10
 1.721550412804845e-12    3    2    1    1
 -0.1974316417704677    3    2    2    1
 -4.93682017534418e-12    3    2    2    2
 1.855976877650971e-15    3    2    3    1
 0.03038976757566634    3    2    3    2
 1.548243412814732e-14    3    2    3    3
 -0.02603945311354536    3    2    4    1
 -4.375061307703744e-13    3    2    4    2
 0.008260999866137314    3    2    4    3
 -1.044260164451138e-13    3    2    4    4
 -1.34859571426782e-14    3    2    5    5
 -1.348053613181577e-14    3    2    6    6
 3.144010117354934e-15    3    2    7    1
 -0.007079375274258993    3    2    7    2
 6.066805044446788e-14    3    2    7    3
 -0.0136421078639839    3    2    7    4
 -7.554807474052794e-14    3    2    7    7
 0.004986383189272327    3    2    8    5
 -0.007126697723051493    3    2    8    6
 -4.98290644856958e-14    3    2    8    8
 -0.007126697723051491    3    2    9    5
 -0.004986383189272327    3    2    9    6
 -4.983687074133769e-14    3    2    9    9
 0.02719430605682615    3    2   10    1
 4.623427292058113e-13    3    2   10    2
 -0.004814848457980723    3    2   10    3
 -2.349097479037443e-14    3    2   10    4
 -0.006708100715121072    3    2   10    7
 -4.597017211338539e-14    3    2   10   10
 0.7820657815974853    3    3    1    1
 -2.907870884187591e-15    3    3    2    1
 0.7821581425431906    3    3    2    2
 0.001811683706833093    3    3    3    1
 1.546159034138128e-14    3    3    3    2
 0.7424734440891347    3    3    3    3
 -1.520637457098906e-13    3    3    4    1
 0.01796156999548365    3    3    4    2
 -3.372302437298913e-15    3    3    4    3
 0.5108284731523021    3    3    4    4
 0.6142972690619198    3    3    5    5
 -1.018589151465525e-15    3    3    6    3
 0.6142972690619204    3    3    6    6
 0.02514118548347976    3    3    7    1
 2.125057942115038e-13    3    3    7    2
 0.1087953910834692    3    3    7    3
 -2.428612866367544e-15    3    3    7    4
 0.5412606210822444    3    3    7    7
 0.5937973053130892    3    3    8    8
 0.5937973053130893    3    3    9    9
 -1.840343199013827e-13    3    3   10    1
 0.02183100536121532    3    3   10    2
 -1.498801083243961e-15    3    3   10    3
 -0.07404302469994641    3    3   10    4
 -2.331468351712829e-15    3    3   10    7
 0.720997631096469    3    3   10   10
 -4.745057608994245e-12    4    1    1    1
 0.1853144687304613    4    1    2    1
 1.506373490029779e-12    4    1    2    2
 4.377373606005795e-13    4    1    3    1
 -0.02603945311354534    4    1    3    2
 -1.520704135532513e-13    4    1    3    3
 0.02884158820075573    4    1    4    1
 -1.898194058533309e-15    4    1    4    2
 -0.004893626673602893    4    1    4    3
 -4.196968293734837e-14    4    1    4    4
 -6.478351926089698e-14    4    1    5    5
 -6.478541661469883e-14    4    1    6    6
 -2.525463388591733e-13    4    1    7    1
 0.01479133368060784    4    1    7    2
 -3.996754099552802e-14    4    1    7    3
 -0.002200092716746003    4    1    7    4
 -3.165967921853197e-14    4    1    7    7
 -0.001624073144483507    4    1    8    5
 0.002321177081970057    4    1    8    6
 -6.514125176770857e-14    4    1    8    8
 0.002321177081970057    4    1    9    5
 0.001624073144483507    4    1    9    6
 -6.51395170442326e-14    4    1    9    9
 -0.014859608169978    4    1   10    1
 -4.632436741060925e-15    4    1   10    2
 0.01140847551219539    4    1   10    3
 6.321397398589834e-14    4    1   10    4
 0.001755407594016384    4    1   10    7
 -1.754950351706697e-13    4    1   10   10
 0.1919801370007557    4    2    1    1
 1.562891670261698e-12    4    2    2    1
 0.1919185745516301    4    2    2    2
 -0.02585760734848273    4    2    3    1
 -4.375285940841356e-13    4    2    3    2
 0.01796156999548362    4    2    3    3
 -1.888944882265766e-15    4    2    4    1
 0.02902237731371187    4    2    4    2
 -4.153253262140222e-14    4    2    4    3
 0.005019168106809199    4    2    4    4
 0.007660011607676261    4    2    5    5
 0.007660011607676266    4    2    6    6
 0.01520203593624001    4    2    7    1
 2.533500752938123e-13    4    2    7    2
 0.004684440255749906    4    2    7    3
 -1.81007552696455e-14    4    2    7    4
 0.00376357491127853    4    2    7    7
 -1.379668948531254e-14    4    2    8    5
 1.971903543229736e-14    4    2    8    6
 0.007717990888654686    4    2    8    8
 1.971936069294911e-14    4    2    9    5
 1.379723158639878e-14    4    2    9    6
 0.007717990888654684    4    2    9    9
 -4.625279312656626e-15    4    2   10    1
 -0.01434693931203563    4    2   10    2
 9.594929017975318e-14    4    2   10    3
 -0.007471944473744845    4    2   10    4
 1.478287978140536e-14    4    2   10    7
 0.02075607630896433    4    2   10   10
 2.945589884745074e-12    4    3    1    1
 -0.1747911969381922    4    3    2    1
 -2.950343135489468e-12    4    3    2    2
 -6.992078763852147e-14    4    3    3    1
 0.00826099986613732    4    3    3    2
 -3.367098266870983e-15    4    3    3    3
 -0.004893626673602899    4    3    4    1
 -4.152310006250159e-14    4    3    4    2
 0.05811477626507361    4    3    4    3
 3.760880495917719e-15    4    3    4    4
 -1.214306433183765e-15    4    3    5    5
 -1.179611963664229e-15    4    3    6    6
 -6.876931749749682e-15    4    3    7    1
 0.0007473235498056253    4    3    7    2
 -1.011343786494479e-15    4    3    7    3
 -0.09420487448885968    4    3    7    4
 -4.905797990062407e-15    4    3    7    7
 0.05640637806376306    4    3    8    5
 -0.08061779266732712    4    3    8    6
 -1.058015169867157e-15    4    3    8    7
 -1.783295733304158e-15    4    3    8    8
 -0.0806177926673271    4    3    9    5
 -0.05640637806376304    4    3    9    6
 -1.859623566247137e-15    4    3    9    9
 0.008150474501345787    4    3   10    1
 6.812681929008191e-14    4    3   10    2
 -0.05974658679085322    4    3   10    3
 3.001071613439876e-15    4    3   10    4
 -0.05650023074044846    4    3   10    7
 -3.122502256758253e-15    4    3   10   10
 0.6661953565647262    4    4    1    1
 -9.264981902339098e-15    4    4    2    1
 0.6661246701595565    4    4    2    2
 -0.01245385603368463    4    4    3    1
 -1.044264501259828e-13    4    4    3    2
 0.5108284731523023    4    4    3    3
 -4.19605756390995e-14    4    4    4    1
 0.005019168106809215    4    4    4    2
 3.774758283725533e-15    4    4    4    3
 0.5440173588599326    4    4    4    4
 0.5092280242272271    4    4    5    5
 0.5092280242272275    4    4    6    6
 -0.004130171338902075    4    4    7    1
 -3.399797804393145e-14    4    4    7    2
 -0.00153711890469295    4    4    7    3
 -9.728329253277945e-15    4    4    7    4
 0.555690824926475    4    4    7    7
 3.677613769070831e-15    4    4    8    5
 -5.218048215738236e-15    4    4    8    6
 0.5347052666780193    4    4    8    8
 -5.166006511458932e-15    4    4    9    5
 -3.608224830031759e-15    4    4    9    6
 0.5347052666780193    4    4    9    9
 1.367863613176146e-13    4    4   10    1
 -0.01608036594436956    4    4   10    2
 -2.074729277268261e-15    4    4   10    3
 0.01937688408578992    4    4   10    4
 -4.496403249731883e-15    4    4   10    7
 0.5581144458189468    4    4   10   10
 0.009771722361813102    5    1    5    1
 3.972171170544408e-15    5    1    5    2
 0.01650664145578181    5    1    5    3
 9.587079394246523e-14    5    1    5    4
 -0.004848934781115833    5    1    7    5
 1.119346704491235e-13    5    1    8    1
 -0.006796738460270325    5    1    8    2
 5.556395187705787e-14    5    1    8    3
 0.008946916541785954    5    1    8    4
 -3.359660639967732e-14    5    1    8    7
 -1.599795345703274e-13    5    1    9    1
 0.009714115155288278    5    1    9    2
 -7.941119550131104e-14    5    1    9    3
 -0.01278721817526073    5    1    9    4
 4.8018446857645e-14    5    1    9    7
 -7.197280965653974e-14    5    1   10    5
 -0.006294419346602999    5    1   10    8
 0.008996184673868425    5    1   10    9
 3.97144272220977e-15    5    2    5    1
 0.009292244369251676    5    2    5    2
 1.390520728075662e-13    5    2    5    3
 -0.01135600566521577    5    2    5    4
 -4.111397637271419e-14    5    2    7    5
 -0.006476218753461983    5    2    8    1
 -1.119207587799978e-13    5    2    8    2
 -0.006583555657103896    5    2    8    3
 7.538620335617585e-14    5    2    8    4
 0.00400797740583832    5    2    8    7
 0.009256018178381561    5    2    9    1
 1.599603899316536e-13    5    2    9    2
 0.00940942750088007    5    2    9    3
 -1.077404766965107e-13    5    2    9    4
 -0.005728329004814835    5    2    9    7
 0.008527123122945662    5    2   10    5
 -5.308036996054533e-14    5    2   10    8
 7.586379441315572e-14    5    2   10    9
 0.01650664145578181    5    3    5    1
 1.39052669118761e-13    5    3    5    2
 0.1041615244757209    5    3    5    3
 -0.01363481760056681    5    3    7    5
 9.053752552897788e-14    5    3    8    1
 -0.01073192540484352    5    3    8    2
 0.04250514680779913    5    3    8    4
 -1.29393281571126e-13    5    3    9    1
 0.01533840971371839    5    3    9    2
 -0.0607497100553392    5    3    9    4
 -1.203898092327904e-15    5    3    9    7
 -0.03493303528819045    5    3   10    8
 0.04992740701982736    5    3   10    9
 1.586441850363192e-15    5    4    2    1
 9.587300978065524e-14    5    4    5    1
 -0.01135600566521577    5    4    5    2
 0.05125970168184598    5    4    5    4
 1.062725741201254e-15    5    4    7    4
 0.007745703805956058    5    4    8    1
 6.528550063159303e-14    5    4    8    2
 0.02486061450197666    5    4    8    3
 1.007082630129055e-15    5    4    8    6
 -0.02234143958341808    5    4    8    7
 -0.01107040666190637    5    4    9    1
 -9.331126535783597e-14    5    4    9    2
 -0.03553158231923876    5    4    9    3
 1.000162011861849e-15    5    4    9    5
 0.03193109726331993    5    4    9    7
 -0.02372428898700677    5    4   10    5
 0.6860126144601464    5    5    1    1
 -2.307697219081084e-15    5    5    2    1
 0.6860572942494083    5    5    2    2
 -0.001614667403130473    5    5    3    1
 -1.346882674835292e-14    5    5    3    2
 0.6142972690619199    5    5    3    3
 -6.479295181979761e-14    5    5    4    1
 0.007660011607676247    5    5    4    2
 -1.269817584415022e-15    5    5    4    3
 0.5092280242272272    5    5    4    4
 0.5860837721032159    5    5    5    5
 0.538401928567388    5    5    6    6
 0.008836479267059279    5    5    7    1
 7.474099464332973e-14    5    5    7    2
 0.04680804597022033    5    5    7    3
 -1.512678871051787e-15    5    5    7    4
 0.5168629984530074    5    5    7    7
 0.5549039466916119    5    5    8    8
 -1.021752127350339e-15    5    5    9    5
 -0.021437789130389    5    5    9    8
 0.5705439998584341    5    5    9    9
 -5.304432023831018e-14    5    5   10    1
 0.006300854581794642    5    5   10    2
 -1.207367539279858e-15    5    5   10    3
 -0.04186751167442233    5    5   10    4
 -1.568190022283034e-15    5    5   10    7
 0.6178800276290914    5    5   10   10
 0.009771722361813109    6    1    6    1
 3.9648934634616e-15    6    1    6    2
 0.01650664145578182    6    1    6    3
 9.587556443202416e-14    6    1    6    4
 -0.004848934781115835    6    1    7    6
 -1.599812947047918e-13    6    1    8    1
 0.009714115155288281    6    1    8    2
 -7.941184602261453e-14    6    1    8    3
 -0.01278721817526073    6    1    8    4
 4.801714581503802e-14    6    1    8    7
 -1.119359418455773e-13    6    1    9    1
 0.006796738460270323    6    1    9    2
 -5.555928980771618e-14    6    1    9    3
 -0.008946916541785954    6    1    9    4
 3.359638955924282e-14    6    1    9    7
 -7.197497806088471e-14    6    1   10    6
 0.008996184673868425    6    1   10    8
 0.006294419346603002    6    1   10    9
 3.964342892045884e-15    6    2    6    1
 0.009292244369251678    6    2    6    2
 1.390479528393107e-13    6    2    6    3
 -0.01135600566521578    6    2    6    4
 -4.111121165717435e-14    6    2    7    6
 0.009256018178381559    6    2    8    1
 1.599595022411249e-13    6    2    8    2
 0.009409427500880073    6    2    8    3
 -1.077462229680248e-13    6    2    8    4
 -0.005728329004814838    6    2    8    7
 0.006476218753461979    6    2    9    1
 1.119194374086e-13    6    2    9    2
 0.006583555657103896    6    2    9    3
 -7.538425179226538e-14    6    2    9    4
 -0.004007977405838319    6    2    9    7
 0.008527123122945667    6    2   10    6
 7.586813122184566e-14    6    2   10    8
 5.307906891793834e-14    6    2   10    9
 -1.018589151465525e-15    6    3    3    3
 0.01650664145578182    6    3    6    1
 1.39045025493445e-13    6    3    6    2
 0.104161524475721    6    3    6    3
 -0.01363481760056682    6    3    7    6
 -1.293959886884254e-13    6    3    8    1
 0.0153384097137184    6    3    8    2
 -0.06074971005533922    6    3    8    4
 -1.200428645375951e-15    6    3    8    7
 -9.053369016379272e-14    6    3    9    1
 0.01073192540484352    6    3    9    2
 -0.04250514680779913    6    3    9    4
 0.04992740701982737    6    3   10    8
 0.03493303528819044    6    3   10    9
 -2.372240802517606e-15    6    4    2    1
 9.588057886707191e-14    6    4    6    1
 -0.01135600566521578    6    4    6    2
 0.05125970168184601    6    4    6    4
 -1.598064815365847e-15    6    4    7    4
 -0.01107040666190637    6    4    8    1
 -9.331088758114149e-14    6    4    8    2
 -0.03553158231923877    6    4    8    3
 -1.002290698354222e-15    6    4    8    4
 1.036924581761141e-15    6    4    8    5
 -1.473984119193475e-15    6    4    8    6
 0.03193109726331993    6    4    8    7
 -0.007745703805956058    6    4    9    1
 -6.528537950588158e-14    6    4    9    2
 -0.02486061450197666    6    4    9    3
 -1.059922220723868e-15    6    4    9    5
 -1.043845200028346e-15    6    4    9    6
 0.02234143958341807    6    4    9    7
 -0.02372428898700678    6    4   10    6
 -1.333034990044248e-15    6    4   10    7
 0.02384092176791416    6    5    6    5
 -0.021437789130389    6    5    8    8
 0.00782002658341098    6    5    9    8
 0.02143778913038884    6    5    9    9
 0.6860126144601468    6    6    1    1
 -2.475518162854684e-15    6    6    2    1
 0.6860572942494088    6    6    2    2
 -0.001614667403130475    6    6    3    1
 -1.346405625879399e-14    6    6    3    2
 0.6142972690619202    6    6    3    3
 -6.479577074544607e-14    6    6    4    1
 0.007660011607676239    6    6    4    2
 -1.144917494144692e-15    6    6    4    3
 0.5092280242272273    6    6    4    4
 0.538401928567388    6    6    5    5
 0.5860837721032168    6    6    6    6
 0.008836479267059268    6    6    7    1
 7.473362206855683e-14    6    6    7    2
 0.04680804597022042    6    6    7    3
 -1.637578961322117e-15    6    6    7    4
 0.5168629984530079    6    6    7    7
 0.5705439998584343    6    6    8    8
 0.02143778913038881    6    6    9    8
 0.5549039466916124    6    6    9    9
 -5.299639850228632e-14    6    6   10    1
 0.006300854581794659    6    6   10    2
 -1.207367539279858e-15    6    6   10    3
 -0.04186751167442242    6    6   10    4
 -1.42941214420489e-15    6    6   10    7
 0.6178800276290917    6    6   10   10
 0.08355612687850374    7    1    1    1
 -5.771265101695055e-13    7    1    2    1
 0.08361313451731475    7    1    2    2
 -0.006644109761994629    7    1    3    1
 3.148170743191847e-15    7    1    3    2
 0.02514118548347977    7    1    3    3
 -2.525564714908049e-13    7    1    4    1
 0.01520203593624002    7    1    4    2
 -6.878612263117034e-15    7    1    4    3
 -0.004130171338902076    7    1    4    4
 0.008836479267059267    7    1    5    5
 0.008836479267059274    7    1    6    6
 0.0142374486940043    7    1    7    1
 8.481903330734286e-15    7    1    7    2
 0.01236001362183822    7    1    7    3
 1.243016106711181e-13    7    1    7    4
 -0.002693130128414549    7    1    7    7
 -1.777809670311381e-14    7    1    8    5
 2.541066315697726e-14    7    1    8    6
 0.005346573731411087    7    1    8    8
 2.541188288442131e-14    7    1    9    5
 1.778102404897952e-14    7    1    9    6
 0.00534657373141109    7    1    9    9
 -9.328421324308303e-14    7    1   10    1
 0.006041835330115862    7    1   10    2
 -9.299516452038192e-14    7    1   10    3
 -0.0123176035601786    7    1   10    4
 2.7898690302397e-14    7    1   10    7
 0.02279791102916682    7    1   10   10
 -4.527447735697089e-13    7    2    1    1
 0.06889106725342696    7    2    2    1
 1.87153462486659e-12    7    2    2    2
 3.138700914841544e-15    7    2    3    1
 -0.007079375274258996    7    2    3    2
 2.12497120594124e-13    7    2    3    3
 0.01479133368060784    7    2    4    1
 2.533400870812982e-13    7    2    4    2
 0.0007473235498056182    7    2    4    3
 -3.400621798044234e-14    7    2    4    4
 7.474920747478631e-14    7    2    5    5
 7.475270402679257e-14    7    2    6    6
 8.484183543428295e-15    7    2    7    1
 0.01331468980277456    7    2    7    2
 1.042872385670357e-13    7    2    7    3
 -0.01475797533876346    7    2    7    4
 -2.327391751544283e-14    7    2    7    7
 0.002102786559260304    7    2    8    5
 -0.003005369546444868    7    2    8    6
 4.526110389257987e-14    7    2    8    8
 -0.003005369546444869    7    2    9    5
 -0.002102786559260304    7    2    9    6
 4.52589354882349e-14    7    2    9    9
 0.004980764645227853    7    2   10    1
 9.262983582209935e-14    7    2   10    2
 0.01105246694032097    7    2   10    3
 -1.040365710247571e-13    7    2   10    4
 -0.003338141979930984    7    2   10    7
 1.927416559688311e-13    7    2   10   10
 0.06431131014244229    7    3    1    1
 -3.296665783240893e-15    7    3    2    1
 0.06437701550199199    7    3    2    2
 0.007175349290763655    7    3    3    1
 6.066588204012291e-14    7    3    3    2
 0.1087953910834692    7    3    3    3
 -3.996597567864149e-14    7    3    4    1
 0.004684440255749904    7    3    4    2
 -1.016981637791403e-15    7    3    4    3
 -0.001537118904692931    7    3    4    4
 0.0468080459702204    7    3    5    5
 0.04680804597022042    7    3    6    6
 0.01236001362183823    7    3    7    1
 1.042811128247612e-13    7    3    7    2
 0.05239517137903782    7    3    7    3
 -1.703498453409225e-15    7    3    7    4
 0.01586292758407242    7    3    7    7
 -1.15706055847653e-15    7    3    8    6
 0.0291010738948887    7    3    8    8
 -1.138629121544277e-15    7    3    9    5
 0.02910107389488873    7    3    9    9
 -1.419808111954423e-13    7    3   10    1
 0.0168449844893781    7    3   10    2
 -1.327063459122257e-15    7    3   10    3
 -0.03062885236600367    7    3   10    4
 -1.43027950594288e-15    7    3   10    7
 0.08772455982803071    7    3   10   10
 -4.248157503398443e-12    7    4    1    1
 0.2518281145489805    7    4    2    1
 4.246344819433518e-12    7    4    2    2
 1.148809034554922e-13    7    4    3    1
 -0.01364210786398389    7    4    3    2
 -2.524890019284243e-15    7    4    3    3
 -0.002200092716745998    7    4    4    1
 -1.810563417942168e-14    7    4    4    2
 -0.09420487448885967    7    4    4    3
 -9.648531973383004e-15    7    4    4    4
 1.062725741201254e-15    7    4    5    4
 -1.576863639662918e-15    7    4    5    5
 -1.598064815365847e-15    7    4    6    4
 -1.679212324745549e-15    7    4    6    6
 1.243057306393736e-13    7    4    7    1
 -0.01475797533876346    7    4    7    2
 -1.672273430841642e-15    7    4    7    3
 0.2220421518515706    7    4    7    4
 9.520162436160709e-15    7    4    7    7
 -0.09012962722447254    7    4    8    5
 0.1288161348092994    7    4    8    6
 2.079864293436776e-15    7    4    8    7
 0.1288161348092994    7    4    9    5
 0.09012962722447254    7    4    9    6
 -0.02608479242423074    7    4   10    1
 -2.201786929861838e-13    7    4   10    2
 0.05547081479233622    7    4   10    3
 -3.195360642749278e-15    7    4   10    4
 -1.206348033221109e-15    7    4   10    6
 0.1248258341749872    7    4   10    7
 -1.52655665885959e-15    7    4   10   10
 -0.004848934781115834    7    5    5    1
 -4.111188928353215e-14    7    5    5    2
 -0.01363481760056682    7    5    5    3
 0.02801251253105211    7    5    7    5
 -2.968725119250129e-14    7    5    8    1
 0.003540999204219232    7    5    8    2
 -0.02129342564775641    7    5    8    4
 -1.007006977804537e-15    7    5    8    7
 4.243073652306605e-14    7    5    9    1
 -0.005060908880875445    7    5    9    2
 0.03043324235616503    7    5    9    4
 1.439820485060749e-15    7    5    9    7
 -0.0005007176566288505    7    5   10    8
 0.0007156416279971614    7    5   10    9
 1.032131259357798e-15    7    6    2    1
 -0.004848934781115838    7    6    6    1
 -4.110850115174314e-14    7    6    6    2
 -0.01363481760056682    7    6    6    3
 0.02801251253105213    7    6    7    6
 4.243078734504288e-14    7    6    8    1
 -0.005060908880875447    7    6    8    2
 0.03043324235616503    7    6    8    4
 1.441555208536728e-15    7    6    8    7
 2.968860983334869e-14    7    6    9    1
 -0.003540999204219232    7    6    9    2
 0.02129342564775641    7    6    9    4
 1.004404892590571e-15    7    6    9    7
 0.0007156416279971548    7    6   10    8
 0.0005007176566288468    7    6   10    9
 0.6839583714078342    7    7    1    1
 1.245206195099602e-14    7    7    2    1
 0.6838909561212382    7    7    2    2
 -0.008886408369967947    7    7    3    1
 -7.554764105965894e-14    7    7    3    2
 0.5412606210822443    7    7    3    3
 -3.166889493699809e-14    7    7    4    1
 0.003763574911278566    7    7    4    2
 -4.815592369311616e-15    7    7    4    3
 0.5556908249264751    7    7    4    4
 0.5168629984530076    7    7    5    5
 0.516862998453008    7    7    6    6
 -0.002693130128414514    7    7    7    1
 -2.325917236589703e-14    7    7    7    2
 0.01586292758407244    7    7    7    3
 9.492406860545076e-15    7    7    7    4
 0.583778793896768    7    7    7    7
 -4.218847493575595e-15    7    7    8    5
 6.050715484207103e-15    7    7    8    6
 0.5391963146848869    7    7    8    8
 6.147859998861804e-15    7    7    9    5
 4.288236432614667e-15    7    7    9    6
 0.539196314684887    7    7    9    9
 1.000965261198361e-13    7    7   10    1
 -0.01201318967830368    7    7   10    2
 2.407796184655808e-15    7    7   10    3
 0.02696120548888079    7    7   10    4
 6.467049118441537e-15    7    7   10    7
 0.5929234050179913    7    7   10   10
 1.119340614324344e-13    8    1    5    1
 -0.006476218753461982    8    1    5    2
 9.053890449861601e-14    8    1    5    3
 0.007745703805956058    8    1    5    4
 -1.599809423390858e-13    8    1    6    1
 0.009256018178381561    8    1    6    2
 -1.29398661924407e-13    8    1    6    3
 -0.01107040666190637    8    1    6    4
 -2.968719020612909e-14    8    1    7    5
 4.243090254152371e-14    8    1    7    6
 0.01375036969998511    8    1    8    1
 -5.541655459170847e-15    8    1    8    2
 0.01345762825482733    8    1    8    3
 1.559743003157199e-13    8    1    8    4
 -0.008532524887671219    8    1    8    7
 -0.005609818416491607    8    1   10    5
 0.008017731212786587    8    1   10    6
 -1.049100042949114e-13    8    1   10    8
 -0.006796738460270325    8    2    5    1
 -1.11920835012963e-13    8    2    5    2
 -0.01073192540484352    8    2    5    3
 6.528826958229761e-14    8    2    5    4
 0.009714115155288285    8    2    6    1
 1.599607016397782e-13    8    2    6    2
 0.01533840971371839    8    2    6    3
 -9.3307089485406e-14    8    2    6    4
 0.003540999204219232    8    2    7    5
 -0.005060908880875445    8    2    7    6
 -5.543359689460722e-15    8    2    8    1
 0.01441662043799523    8    2    8    2
 1.134788877449333e-13    8    2    8    3
 -0.01849231800885889    8    2    8    4
 -7.242513880290069e-14    8    2    8    7
 -4.729680189163865e-14    8    2   10    5
 6.759523496491227e-14    8    2   10    6
 0.01244796824386721    8    2   10    8
 5.556292696719169e-14    8    3    5    1
 -0.006583555657103897    8    3    5    2
 0.02486061450197666    8    3    5    4
 -7.941079570175993e-14    8    3    6    1
 0.009409427500880073    8    3    6    2
 -0.03553158231923877    8    3    6    4
 0.01345762825482733    8    3    8    1
 1.134806495734636e-13    8    3    8    2
 0.04461203484303052    8    3    8    3
 -0.02493398553627776    8    3    8    7
 -0.01942317452202846    8    3   10    5
 0.02776021986003294    8    3   10    6
 -1.378677614672184e-15    8    4    2    1
 0.00894691654178595    8    4    5    1
 7.538438731753694e-14    8    4    5    2
 0.04250514680779914    8    4    5    3
 -0.01278721817526073    8    4    6    1
 -1.077408290622167e-13    8    4    6    2
 -0.06074971005533924    8    4    6    3
 -1.009175382149508e-15    8    4    6    4
 -0.02129342564775642    8    4    7    5
 0.03043324235616505    8    4    7    6
 1.559700244934022e-13    8    4    8    1
 -0.01849231800885889    8    4    8    2
 0.08235662956101129    8    4    8    4
 1.41553435639707e-15    8    4    8    7
 -0.03571282491651862    8    4   10    8
 2.676626474851446e-12    8    5    1    1
 -0.1586993750417765    8    5    2    1
 -2.676487219246786e-12    8    5    2    2
 -4.204846038957481e-14    8    5    3    1
 0.004986383189272334    8    5    3    2
 -0.001624073144483516    8    5    4    1
 -1.379002164195176e-14    8    5    4    2
 0.05640637806376306    8    5    4    3
 3.637715129123364e-15    8    5    4    4
 1.03692458176114e-15    8    5    6    4
 -1.777175412040477e-14    8    5    7    1
 0.0021027865592603    8    5    7    2
 -0.09012962722447257    8    5    7    4
 -4.246603069191221e-15    8    5    7    7
 0.07479986592739381    8    5    8    5
 -0.0797344563181577    8    5    8    6
 -0.07973445631815763    8    5    9    5
 -0.03677679076301859    8    5    9    6
 0.005633873437485778    8    5   10    1
 4.747862259596447e-14    8    5   10    2
 -0.0584490534856545    8    5   10    3
 1.536964999715451e-15    8    5   10    4
 -0.05365199200167288    8    5   10    7
 -3.825468614842079e-12    8    6    1    1
 0.2268182030601168    8    6    2    1
 3.825371605852695e-12    8    6    2    2
 6.00956018617909e-14    8    6    3    1
 -0.007126697723051501    8    6    3    2
 0.002321177081970057    8    6    4    1
 1.971106654632959e-14    8    6    4    2
 -0.08061779266732713    8    6    4    3
 -5.105291189799743e-15    8    6    4    4
 1.007082630129055e-15    8    6    5    4
 -1.473984119193475e-15    8    6    6    4
 -1.02695629777827e-15    8    6    6    6
 2.540543188149502e-14    8    6    7    1
 -0.003005369546444859    8    6    7    2
 -1.162264728904461e-15    8    6    7    3
 0.1288161348092994    8    6    7    4
 6.092348847630543e-15    8    6    7    7
 -0.07973445631815768    8    6    8    5
 0.1329705629362516    8    6    8    6
 1.319679993574642e-15    8    6    8    7
 0.09494748777187609    8    6    9    5
 0.07973445631815762    8    6    9    6
 -0.008052111415197826    8    6   10    1
 -6.784926353392562e-14    8    6   10    2
 0.08353724946107008    8    6   10    3
 -2.269018306577664e-15    8    6   10    4
 0.07668113635111504    8    6   10    7
 2.9274606225981e-15    8    7    2    1
 -1.058015169867158e-15    8    7    4    3
 -3.359516644366699e-14    8    7    5    1
 0.00400797740583832    8    7    5    2
 -0.02234143958341808    8    7    5    4
 4.801685443570416e-14    8    7    6    1
 -0.005728329004814839    8    7    6    2
 -1.203030730589916e-15    8    7    6    3
 0.03193109726331993    8    7    6    4
 2.079864293436776e-15    8    7    7    4
 -1.00527225432856e-15    8    7    7    5
 1.438085761584773e-15    8    7    7    6
 -0.008532524887671221    8    7    8    1
 -7.24284049619453e-14    8    7    8    2
 -0.02493398553627775    8    7    8    3
 1.410763866838134e-15    8    7    8    4
 1.319679993574642e-15    8    7    8    6
 0.03782908798418119    8    7    8    7
 1.31291909542649e-15    8    7    9    5
 1.058107939437852e-15    8    7   10    3
 0.002298571963766759    8    7   10    5
 -0.003285192284397439    8    7   10    6
 0.7254737944909592    8    8    1    1
 1.319975487419633e-15    8    8    2    1
 0.7255010036759604    8    8    2    2
 -0.005910763596409093    8    8    3    1
 -4.984250859263462e-14    8    8    3    2
 0.5937973053130893    8    8    3    3
 -6.510888833285988e-14    8    8    4    1
 0.007717990888654665    8    8    4    2
 -1.727784582072899e-15    8    8    4    3
 0.5347052666780193    8    8    4    4
 0.5549039466916119    8    8    5    5
 -0.02143778913038899    8    8    6    5
 0.5705439998584344    8    8    6    6
 0.005346573731411073    8    8    7    1
 4.526934382909076e-14    8    8    7    2
 0.02910107389488868    8    8    7    3
 0.5391963146848868    8    8    7    7
 1.054711873393899e-15    8    8    8    6
 0.6030650908613953    8    8    8    8
 0.5530807635865145    8    8    9    9
 2.525920011348104e-15    8    8   10    1
 -0.0002995736075359333    8    8   10    2
 -0.02884300519036322    8    8   10    4
 0.6193380098950577    8    8   10   10
 -1.599808915171089e-13    9    1    5    1
 0.009256018178381557    9    1    5    2
 -1.29395626158324e-13    9    1    5    3
 -0.01107040666190637    9    1    5    4
 -1.119348839014262e-13    9    1    6    1
 0.006476218753461981    9    1    6    2
 -9.053489295057782e-14    9    1    6    3
 -0.007745703805956057    9    1    6    4
 4.242970991913397e-14    9    1    7    5
 2.968805756786708e-14    9    1    7    6
 0.01375036969998511    9    1    9    1
 -5.532724343774997e-15    9    1    9    2
 0.01345762825482733    9    1    9    3
 1.559599888470431e-13    9    1    9    4
 -0.008532524887671221    9    1    9    7
 0.008017731212786585    9    1   10    5
 0.005609818416491606    9    1   10    6
 -1.048935244218896e-13    9    1   10    9
 0.009714115155288283    9    2    5    1
 1.599616503166791e-13    9    2    5    2
 0.01533840971371839    9    2    5    3
 -9.330643896410251e-14    9    2    5    4
 0.006796738460270323    9    2    6    1
 1.119199269936436e-13    9    2    6    2
 0.01073192540484352    9    2    6    3
 -6.528523381621465e-14    9    2    6    4
 -0.005060908880875447    9    2    7    5
 -0.003540999204219234    9    2    7    6
 -5.532837846189929e-15    9    2    9    1
 0.01441662043799523    9    2    9    2
 1.134916813305686e-13    9    2    9    3
 -0.01849231800885889    9    2    9    4
 -7.243077665419762e-14    9    2    9    7
 6.759897546240734e-14    9    2   10    5
 4.729723557250765e-14    9    2   10    6
 0.01244796824386722    9    2   10    9
 -7.941079231362815e-14    9    3    5    1
 0.00940942750088007    9    3    5    2
 -0.03553158231923876    9    3    5    4
 -5.555989628330642e-14    9    3    6    1
 0.006583555657103896    9    3    6    2
 -0.02486061450197666    9    3    6    4
 0.01345762825482733    9    3    9    1
 1.134928875054855e-13    9    3    9    2
 0.04461203484303052    9    3    9    3
 -0.02493398553627776    9    3    9    7
 0.02776021986003293    9    3   10    5
 0.01942317452202846    9    3   10    6
 -0.01278721817526073    9    4    5    1
 -1.077394738095011e-13    9    4    5    2
 -0.06074971005533922    9    4    5    3
 -0.00894691654178595    9    4    6    1
 -7.538269325164243e-14    9    4    6    2
 -0.04250514680779913    9    4    6    3
 0.03043324235616504    9    4    7    5
 0.02129342564775641    9    4    7    6
 1.559592637868402e-13    9    4    9    1
 -0.01849231800885889    9    4    9    2
 0.08235662956101129    9    4    9    4
 1.429412144204889e-15    9    4    9    7
 -0.0357128249165186    9    4   10    9
 -3.825426825624593e-12    9    5    1    1
 0.2268182030601168    9    5    2    1
 3.825441035449316e-12    9    5    2    2
 6.008532226994302e-14    9    5    3    1
 -0.007126697723051501    9    5    3    2
 0.002321177081970071    9    5    4    1
 1.97233722409873e-14    9    5    4    2
 -0.08061779266732706    9    5    4    3
 -5.087943955039976e-15    9    5    4    4
 1.000162011861849e-15    9    5    5    4
 -1.059922220723867e-15    9    5    6    4
 2.540792554649174e-14    9    5    7    1
 -0.003005369546444862    9    5    7    2
 -1.165734175856414e-15    9    5    7    3
 0.1288161348092993    9    5    7    4
 6.140921104957892e-15    9    5    7    7
 -0.07973445631815765    9    5    8    5
 0.09494748777187612    9    5    8    6
 1.312919095426491e-15    9    5    8    7
 0.1329705629362516    9    5    9    5
 0.07973445631815769    9    5    9    6
 1.124100812432971e-15    9    5    9    9
 -0.008052111415197821    9    5   10    1
 -6.785988871521598e-14    9    5   10    2
 0.08353724946107005    9    5   10    3
 -2.279426647433525e-15    9    5   10    4
 0.07668113635111498    9    5   10    7
 -2.676556916505817e-12    9    6    1    1
 0.1586993750417765    9    6    2    1
 2.676570906101974e-12    9    6    2    2
 4.203955637923328e-14    9    6    3    1
 -0.004986383189272329    9    6    3    2
 0.001624073144483504    9    6    4    1
 1.379766526726778e-14    9    6    4    2
 -0.05640637806376302    9    6    4    3
 -3.609092191769747e-15    9    6    4    4
 -1.043845200028346e-15    9    6    6    4
 1.777714802621289e-14    9    6    7    1
 -0.002102786559260301    9    6    7    2
 0.09012962722447254    9    6    7    4
 4.281297538710756e-15    9    6    7    7
 -0.03677679076301858    9    6    8    5
 0.07973445631815762    9    6    8    6
 0.07973445631815769    9    6    9    5
 0.07479986592739381    9    6    9    6
 -0.005633873437485773    9    6   10    1
 -4.747873101618172e-14    9    6   10    2
 0.05844905348565445    9    6   10    3
 -1.557781681427173e-15    9    6   10    4
 0.05365199200167287    9    6   10    7
 4.801721696580559e-14    9    7    5    1
 -0.005728329004814836    9    7    5    2
 -1.202597049720922e-15    9    7    5    3
 0.03193109726331992    9    7    5    4
 3.359696215351517e-14    9    7    6    1
 -0.004007977405838321    9    7    6    2
 0.02234143958341807    9    7    6    4
 1.436567878543293e-15    9    7    7    5
 1.004838573459566e-15    9    7    7    6
 -0.008532524887671221    9    7    9    1
 -7.243209124933175e-14    9    7    9    2
 -0.02493398553627776    9    7    9    3
 1.426810058990923e-15    9    7    9    4
 0.03782908798418119    9    7    9    7
 -0.003285192284397442    9    7   10    5
 -0.002298571963766757    9    7   10    6
 -0.02143778913038898    9    8    5    5
 0.007820026583410975    9    8    6    5
 0.02143778913038881    9    8    6    6
 0.02499216363744036    9    8    9    8
 0.7254737944909594    9    9    1    1
 1.487403407905707e-15    9    9    2    1
 0.7255010036759606    9    9    2    2
 -0.005910763596409135    9    9    3    1
 -4.982169191092289e-14    9    9    3    2
 0.5937973053130894    9    9    3    3
 -6.51301386954406e-14    9    9    4    1
 0.007717990888654705    9    9    4    2
 -1.894318035766673e-15    9    9    4    3
 0.5347052666780195    9    9    4    4
 0.5705439998584341    9    9    5    5
 0.0214377891303888    9    9    6    5
 0.5549039466916122    9    9    6    6
 0.005346573731411096    9    9    7    1
 4.524852714737904e-14    9    9    7    2
 0.0291010738948887    9    9    7    3
 0.5391963146848868    9    9    7    7
 0.5530807635865144    9    9    8    8
 1.183081410616182e-15    9    9    9    5
 0.6030650908613951    9    9    9    9
 2.527221053955087e-15    9    9   10    1
 -0.0002995736075359597    9    9   10    2
 -0.02884300519036333    9    9   10    4
 0.6193380098950583    9    9   10   10
 3.609141356950138e-12   10    1    1    1
 -0.1486811623815145   10    1    2    1
 -1.407963372626608e-12   10    1    2    2
 -4.62495935443113e-13   10    1    3    1
 0.02719430605682614   10    1    3    2
 -1.840107927142398e-13   10    1    3    3
 -0.014859608169978   10    1    4    1
 -4.620381768155601e-15   10    1    4    2
 0.008150474501345787   10    1    4    3
 1.367634304416665e-13   10    1    4    4
 -5.303082192126274e-14   10    1    5    5
 -5.302485880931407e-14   10    1    6    6
 -9.328868515352806e-14   10    1    7    1
 0.004980764645227862   10    1    7    2
 -1.419858154660947e-13   10    1    7    3
 -0.02608479242423075   10    1    7    4
 1.000553806473903e-13   10    1    7    7
 0.005633873437485791   10    1    8    5
 -0.008052111415197832   10    1    8    6
 2.51014486973844e-15   10    1    8    8
 -0.00805211141519783   10    1    9    5
 -0.00563387343748579   10    1    9    6
 2.502338614096544e-15   10    1    9    9
 0.03554360398199333   10    1   10    1
 -9.110123527273804e-15   10    1   10    2
 0.006193688661549363   10    1   10    3
 1.163558453146779e-13   10    1   10    4
 -0.009424507122498583   10    1   10    7
 -1.153001305542745e-13   10    1   10   10
 -0.1306257430437451   10    2    1    1
 -1.255638141069637e-12   10    2    2    1
 -0.1303954139071841   10    2    2    2
 0.02764251739048805   10    2    3    1
 4.623502644109101e-13   10    2    3    2
 0.02183100536121533   10    2    3    3
 -4.628059274789514e-15   10    2    4    1
 -0.01434693931203563   10    2    4    2
 6.813256556159608e-14   10    2    4    3
 -0.01608036594436954   10    2    4    4
 0.006300854581794627   10    2    5    5
 0.006300854581794631   10    2    6    6
 0.006041835330115879   10    2    7    1
 9.263339336047782e-14   10    2    7    2
 0.0168449844893781   10    2    7    3
 -2.201775545739026e-13   10    2    7    4
 -0.01201318967830365   10    2    7    7
 4.748720812191784e-14   10    2    8    5
 -6.786778983854796e-14   10    2    8    6
 -0.0002995736075359555   10    2    8    8
 -6.786690045395335e-14   10    2    9    5
 -4.748342019057772e-14   10    2    9    6
 -0.0002995736075359542   10    2    9    9
 -9.116708784922233e-15   10    2   10    1
 0.03662465139960096   10    2   10    2
 5.211824895268169e-14   10    2   10    3
 -0.01377692556164439   10    2   10    4
 -7.981375976795491e-14   10    2   10    7
 0.0136718521149915   10    2   10   10
 -3.798434955242999e-12   10    3    1    1
 0.225176986851687   10    3    2    1
 3.797070649439252e-12   10    3    2    2
 4.062520617489646e-14   10    3    3    1
 -0.004814848457980752   10    3    3    2
 -1.452180389827085e-15   10    3    3    3
 0.01140847551219543   10    3    4    1
 9.594834827911583e-14   10    3    4    2
 -0.05974658679085325   10    3    4    3
 -1.899305365760107e-15   10    3    4    4
 -1.214306433183765e-15   10    3    5    5
 -1.269817584415023e-15   10    3    6    6
 -9.298933693370481e-14   10    3    7    1
 0.01105246694032098   10    3    7    2
 -1.28196064874686e-15   10    3    7    3
 0.05547081479233618   10    3    7    4
 2.508410146262459e-15   10    3    7    7
 -0.05844905348565448   10    3    8    5
 0.08353724946107009   10    3    8    6
 1.058107939437852e-15   10    3    8    7
 0.08353724946107005   10    3    9    5
 0.05844905348565446   10    3    9    6
 0.006193688661549341   10    3   10    1
 5.211976683572317e-14   10    3   10    2
 0.1065560737721482   10    3   10    3
 -1.77635683940025e-15   10    3   10    4
 0.05932732506129425   10    3   10    7
 -0.05000084297179054   10    4    1    1
 -5.013799773035017e-15   10    4    2    1
 -0.05008125276840072   10    4    2    2
 -0.002803662939127345   10    4    3    1
 -2.353499339857734e-14   10    4    3    2
 -0.07404302469994642   10    4    3    3
 6.325787739762043e-14   10    4    4    1
 -0.007471944473744821   10    4    4    2
 3.008877869081772e-15   10    4    4    3
 0.0193768840857902   10    4    4    4
 -0.0418675116744224   10    4    5    5
 -0.04186751167442243   10    4    6    6
 -0.01231760356017857   10    4    7    1
 -1.040242970938349e-13   10    4    7    2
 -0.0306288523660037   10    4    7    3
 -3.168919662267788e-15   10    4    7    4
 0.02696120548888051   10    4    7    7
 1.54303653188137e-15   10    4    8    5
 -2.218711325774336e-15   10    4    8    6
 -0.02884300519036334   10    4    8    8
 -2.207110362528741e-15   10    4    9    5
 -1.551710149261254e-15   10    4    9    6
 -0.02884300519036332   10    4    9    9
 1.163095973157578e-13   10    4   10    1
 -0.01377692556164447   10    4   10    2
 -1.769417945496343e-15   10    4   10    3
 0.04826770360673634   10    4   10    4
 -1.169203622808369e-15   10    4   10    7
 -0.04659369160418201   10    4   10   10
 1.002942787631224e-15   10    5    2    1
 -7.197466889385896e-14   10    5    5    1
 0.008527123122945662   10    5    5    2
 -0.02372428898700676   10    5    5    4
 -0.005609818416491606   10    5    8    1
 -4.72995937122328e-14   10    5    8    2
 -0.01942317452202846   10    5    8    3
 0.002298571963766755   10    5    8    7
 0.008017731212786585   10    5    9    1
 6.760388147723784e-14   10    5    9    2
 0.02776021986003293   10    5    9    3
 -0.003285192284397435   10    5    9    7
 0.03513424480254318   10    5   10    5
 -1.491080177322193e-15   10    6    2    1
 -7.198078066008987e-14   10    6    6    1
 0.008527123122945663   10    6    6    2
 -0.02372428898700677   10    6    6    4
 -1.206348033221109e-15   10    6    7    4
 0.008017731212786587   10    6    8    1
 6.760271595990242e-14   10    6    8    2
 0.02776021986003294   10    6    8    3
 -0.003285192284397439   10    6    8    7
 0.005609818416491606   10    6    9    1
 4.729958015970565e-14   10    6    9    2
 0.01942317452202846   10    6    9    3
 -0.002298571963766752   10    6    9    7
 0.0351342448025432   10    6   10    6
 -3.291496375045118e-12   10    7    1    1
 0.1951080495195453   10    7    2    1
 3.289769552692473e-12   10    7    2    2
 5.647717536694241e-14   10    7    3    1
 -0.006708100715121085   10    7    3    2
 -2.1241688963336e-15   10    7    3    3
 0.001755407594016434   10    7    4    1
 1.478266294097086e-14   10    7    4    2
 -0.05650023074044844   10    7    4    3
 -4.649058915617843e-15   10    7    4    4
 -1.502270530195915e-15   10    7    5    5
 -1.333034990044248e-15   10    7    6    4
 -1.530026105811544e-15   10    7    6    6
 2.790351500206456e-14   10    7    7    1
 -0.00333814197993097   10    7    7    2
 -1.457167719820518e-15   10    7    7    3
 0.1248258341749871   10    7    7    4
 6.633582572135306e-15   10    7    7    7
 -0.05365199200167284   10    7    8    5
 0.07668113635111498   10    7    8    6
 0.07668113635111493   10    7    9    5
 0.05365199200167284   10    7    9    6
 -0.009424507122498555   10    7   10    1
 -7.981235030513067e-14   10    7   10    2
 0.05932732506129433   10    7   10    3
 -1.186550857568137e-15   10    7   10    4
 0.09312949921159722   10    7   10    7
 -0.006294419346603001   10    8    5    1
 -5.307787629554861e-14   10    8    5    2
 -0.03493303528819044   10    8    5    3
 0.008996184673868427   10    8    6    1
 7.585967444490027e-14   10    8    6    2
 0.04992740701982737   10    8    6    3
 -0.0005007176566288451   10    8    7    5
 0.0007156416279971471   10    8    7    6
 -1.049033567803413e-13   10    8    8    1
 0.01244796824386721   10    8    8    2
 -0.0357128249165186   10    8    8    4
 0.04672649164735486   10    8   10    8
 0.008996184673868424   10    9    5    1
 7.585989128533477e-14   10    9    5    2
 0.04992740701982736   10    9    5    3
 0.006294419346603001   10    9    6    1
 5.307657525294163e-14   10    9    6    2
 0.03493303528819044   10    9    6    3
 0.0007156416279971501   10    9    7    5
 0.0005007176566288456   10    9    7    6
 -1.048958563035934e-13   10    9    9    1
 0.01244796824386722   10    9    9    2
 -0.03571282491651859   10    9    9    4
 0.04672649164735479   10    9   10    9
 0.8917597004592103   10   10    1    1
 -1.343841487741471e-15   10   10    2    1
 0.891837709353501   10   10    2    2
 -0.005474737027205486   10   10    3    1
 -4.589384428044241e-14   10   10    3    2
 0.7209976310964689   10   10    3    3
 -1.755690861790504e-13   10   10    4    1
 0.02075607630896447   10   10    4    2
 -3.184952301893417e-15   10   10    4    3
 0.5581144458189471   10   10    4    4
 0.6178800276290917   10   10    5    5
 0.6178800276290921   10   10    6    6
 0.02279791102916687   10   10    7    1
 1.92747727500997e-13   10   10    7    2
 0.08772455982803076   10   10    7    3
 -1.651456749129934e-15   10   10    7    4
 0.5929234050179918   10   10    7    7
 0.6193380098950581   10   10    8    8
 0.6193380098950583   10   10    9    9
 -1.152239653516574e-13   10   10   10    1
 0.01367185211499146   10   10   10    2
 -0.04659369160418211   10   10   10    4
 0.7580311621064519   10   10   10   10
 -27.51286190847732    1    1  0  0
 -3.791671837616306e-15    2    1  0  0
 -27.51199957906826    2    2  0  0
 0.4625642769956388    3    1  0  0
 3.89935306266409e-12    3    2  0  0
 -9.481410514920906    3    3  0  0
 4.208489459700537e-12    4    1  0  0
 -0.498882870976777    4    2  0  0
 2.897682094271658e-14    4    3  0  0
 -7.662549793289479    4    4  0  0
 -2.358725764020906e-15    5    1  0  0
 2.052053404760959e-15    5    2  0  0
 -3.430022099770494e-15    5    3  0  0
 -8.024638889271239    5    5  0  0
 2.997656983936064e-15    6    1  0  0
 -2.704145943195087e-15    6    2  0  0
 5.695889817027124e-15    6    3  0  0
 1.564774499019983e-15    6    4  0  0
 -8.024638889271246    6    6  0  0
 -0.261288756876901    7    1  0  0
 -2.215880257061542e-12    7    2  0  0
 -0.701390910754176    7    3  0  0
 8.437694987151368e-15    7    4  0  0
 1.730399667554545e-15    7    5  0  0
 -2.410165480007076e-15    7    6  0  0
 -7.758613309700403    7    7  0  0
 -7.812691134919109    8    8  0  0
 -1.942890293094024e-15    9    5  0  0
 1.332267629550188e-15    9    8  0  0
 -7.81269113491911    9    9  0  0
 -1.954352478461541e-12   10    1  0  0
 0.2317167311431254   10    2  0  0
 5.551115123125783e-15   10    3  0  0
 0.4308451144424419   10    4  0  0
 2.221363770590319e-15   10    6  0  0
 7.771561172376099e-15   10    7  0  0
 -8.302776337357578   10   10  0  0
 23.31806055312949  0  0  0  0
