 &FCI NORB=  10,NELEC=12,MS2=0,
  ORBSYM=1,1,1,1,1,1,1,1,1,1,
  ISYM=1,
 &END
 1.964423230605297    1    1    1    1
 -1.128664778283182e-10    1    1    2    1
 1.964204991963315    1    1    2    2
 -0.1785093669334156    1    1    3    1
 6.889197545767445e-12    1    1    3    2
 0.6766555352969642    1    1    3    3
 1.851785277852055e-11    1    1    4    1
 -0.1733300511876552    1    1    4    2
 -1.306078162288671e-11    1    1    4    3
 0.5881131289900281    1    1    4    4
 0.6048800055144277    1    1    5    5
 -1.052328883759402e-15    1    1    6    2
 0.6048800055144274    1    1    6    6
 0.05804820482129126    1    1    7    1
 -1.033620238011235e-12    1    1    7    2
 0.06450266322843427    1    1    7    3
 1.485211953422549e-11    1    1    7    4
 0.6166994468214757    1    1    7    7
 -1.772291672143614e-11    1    1    8    5
 -1.868678822791736e-12    1    1    8    6
 0.6395513177584289    1    1    8    8
 1.868576907787523e-12    1    1    9    5
 -1.772301749802807e-11    1    1    9    6
 0.6395513177584287    1    1    9    9
 -1.375907688564576e-11    1    1   10    1
 0.1140970308804933    1    1   10    2
 1.301261182140578e-11    1    1   10    3
 -0.0448191491313306    1    1   10    4
 1.411643024695763e-11    1    1   10    7
 0.7857076961766463    1    1   10   10
 -1.128665168595964e-10    2    1    1    1
 1.543974840268718    2    1    2    1
 1.128841008841107e-10    2    1    2    2
 6.706090113691452e-12    2    1    3    1
 -0.1834276553405715    2    1    3    2
 -1.272940086671781e-14    2    1    3    3
 -0.1666754100382257    2    1    4    1
 -6.096508064004635e-12    2    1    4    2
 0.1787075045131668    2    1    4    3
 -1.367096862011632e-14    2    1    5    5
 -1.119663631513507e-15    2    1    6    1
 1.304360481181807e-15    2    1    6    3
 -1.366962099069724e-14    2    1    6    6
 -1.577302470492231e-12    2    1    7    1
 0.04324954110281184    2    1    7    2
 -6.199901703141109e-15    2    1    7    3
 -0.2031352651100486    2    1    7    4
 -1.413993377433626e-15    2    1    7    6
 4.787836793695988e-15    2    1    7    7
 0.242413607205773    2    1    8    5
 0.02556027797231837    2    1    8    6
 1.117357074920111e-14    2    1    8    8
 -1.649508361411194e-15    2    1    9    4
 -0.02556027797231849    2    1    9    5
 0.242413607205773    2    1    9    6
 1.107447467063594e-14    2    1    9    9
 0.1311492295383268    2    1   10    1
 4.800450835451553e-12    2    1   10    2
 -0.177988733939229    2    1   10    3
 -3.365363543395006e-15    2    1   10    4
 -0.1930392432278047    2    1   10    7
 6.092348847630547e-15    2    1   10   10
 1.964204991963315    2    2    1    1
 1.128839615099214e-10    2    2    2    1
 1.963987965801208    2    2    2    2
 -0.1784247850930628    2    2    3    1
 -1.992730980227009e-11    2    2    3    2
 0.6767321177857046    2    2    3    3
 -5.852679723240134e-12    2    2    4    1
 -0.17331890845049    2    2    4    2
 1.306867114525545e-11    2    2    4    3
 0.5880653850720792    2    2    4    4
 0.6049282964472651    2    2    5    5
 -1.047753292380805e-15    2    2    6    2
 0.6049282964472649    2    2    6    6
 0.05812970515067269    2    2    7    1
 5.293054189392521e-12    2    2    7    2
 0.06456990890234877    2    2    7    3
 -1.484908029869558e-11    2    2    7    4
 0.616662033419012    2    2    7    7
 1.772134132146941e-11    2    2    8    5
 1.868574739383178e-12    2    2    8    6
 0.6395887607441275    2    2    8    8
 -1.868692700579544e-12    2    2    9    5
 1.772121338561305e-11    2    2    9    6
 0.6395887607441274    2    2    9    9
 5.423285193324745e-12    2    2   10    1
 0.1139184206609592    2    2   10    2
 -1.301184854307635e-11    2    2   10    3
 -0.04489375436214679    2    2   10    4
 -1.410885297481457e-11    2    2   10    7
 0.7857936445743956    2    2   10   10
 -0.1785093669334155    3    1    1    1
 6.706081785663514e-12    3    1    2    1
 -0.1784247850930628    3    1    2    2
 0.03046406823109561    3    1    3    1
 4.094936737787658e-15    3    1    3    2
 -0.002685799814169402    3    1    3    3
 -1.920233266285935e-12    3    1    4    1
 0.0261959490514291    3    1    4    2
 3.419936859747064e-13    3    1    4    3
 -0.0116510159841357    3    1    4    4
 -0.00263888461513783    3    1    5    5
 -0.002638884615137829    3    1    6    6
 -0.004611214856087175    3    1    7    1
 1.27473274720135e-14    3    1    7    2
 0.006132097358566343    3    1    7    3
 -3.874169865122901e-13    3    1    7    4
 -0.007019902726440493    3    1    7    7
 2.961867227106968e-13    3    1    8    5
 3.123057910371652e-14    3    1    8    6
 -0.006400486724227645    3    1    8    8
 -3.122880880485675e-14    3    1    9    5
 2.9618668628828e-13    3    1    9    6
 -0.006400486724227642    3    1    9    9
 1.836056399996124e-12    3    1   10    1
 -0.02527801575703633    3    1   10    2
 -2.01122538762144e-13    3    1   10    3
 -0.001144720410165708    3    1   10    4
 -2.506146332126313e-13    3    1   10    7
 -0.008207708585037624    3    1   10   10
 6.889108956285557e-12    3    2    1    1
 -0.1834276553405716    3    2    2    1
 -1.992743124646593e-11    3    2    2    2
 4.086252426616815e-15    3    2    3    1
 0.03031400547896829    3    2    3    2
 -9.726418346948928e-14    3    2    3    3
 0.02633572990154152    3    2    4    1
 1.920160868685867e-12    3    2    4    2
 -0.009342187085710702    3    2    4    3
 -4.256098511817852e-13    3    2    4    4
 -9.582960093029524e-14    3    2    5    5
 -9.582916057904178e-14    3    2    6    6
 1.276361083339152e-14    3    2    7    1
 -0.004984172473885803    3    2    7    2
 2.24348100860694e-13    3    2    7    3
 0.01060525807561453    3    2    7    4
 -2.5669483899593e-13    3    2    7    7
 -0.008097893123859215    3    2    8    5
 -0.0008538481054005693    3    2    8    6
 -2.341176230202628e-13    3    2    8    8
 0.0008538481054005732    3    2    9    5
 -0.008097893123859213    3    2    9    6
 -2.341156782326159e-13    3    2    9    9
 -0.02494103504464917    3    2   10    1
 -1.835294699689075e-12    3    2   10    2
 0.005493389526116201    3    2   10    3
 -4.182635141014579e-14    3    2   10    4
 0.006853618839709938    3    2   10    7
 -2.998443507373771e-13    3    2   10   10
 0.6766555352969642    3    3    1    1
 -1.262896986422776e-14    3    3    2    1
 0.6767321177857045    3    3    2    2
 -0.002685799814169393    3    3    3    1
 -9.727375155366147e-14    3    3    3    2
 0.6102109069128835    3    3    3    3
 6.009553206627605e-13    3    3    4    1
 -0.01641839892683299    3    3    4    2
 2.588207426157396e-15    3    3    4    3
 0.4512968841145091    3    3    4    4
 0.5314188535221048    3    3    5    5
 0.5314188535221046    3    3    6    6
 0.02130903723117065    3    3    7    1
 7.790157408038567e-13    3    3    7    2
 0.09962569201886601    3    3    7    3
 7.577272143066693e-15    3    3    7    4
 0.4950654905505737    3    3    7    7
 -5.292939480802672e-15    3    3    8    5
 0.5171488015875089    3    3    8    8
 -5.301314942585122e-15    3    3    9    6
 0.5171488015875086    3    3    9    9
 6.026630475046424e-13    3    3   10    1
 -0.01651453259797568    3    3   10    2
 2.785965902418752e-15    3    3   10    3
 -0.05809851503052024    3    3   10    4
 6.952771691715043e-15    3    3   10    7
 0.6159522468104678    3    3   10   10
 1.851783550497766e-11    4    1    1    1
 -0.1666754100382257    4    1    2    1
 -5.852773262782565e-12    4    1    2    2
 -1.920256398332208e-12    4    1    3    1
 0.02633572990154151    4    1    3    2
 6.009609043039488e-13    4    1    3    3
 0.02769374098632268    4    1    4    1
 -6.599680925454404e-15    4    1    4    2
 -0.00467453619222654    4    1    4    3
 1.927098346350686e-13    4    1    4    4
 2.763664929966535e-13    4    1    5    5
 2.763663863730725e-13    4    1    6    6
 8.612613990789816e-13    4    1    7    1
 -0.01156342018895206    4    1    7    2
 2.104180002980571e-13    4    1    7    3
 -0.002473020686266628    4    1    7    4
 1.849249919860796e-13    4    1    7    7
 -0.002741042577163006    4    1    8    5
 -0.0002890176463847358    4    1    8    6
 2.798209221570227e-13    4    1    8    8
 0.0002890176463847372    4    1    9    5
 -0.002741042577163006    4    1    9    6
 2.798213050159148e-13    4    1    9    9
 -0.0138679200704521    4    1   10    1
 -1.952998445473378e-14    4    1   10    2
 0.0106977292982574    4    1   10    3
 -2.637833527996403e-13    4    1   10    4
 0.00286393965753662    4    1   10    7
 7.348141192742297e-13    4    1   10   10
 -0.1733300511876553    4    2    1    1
 -6.096558049536435e-12    4    2    2    1
 -0.17331890845049    4    2    2    2
 0.0261959490514291    4    2    3    1
 1.920149721732281e-12    4    2    3    2
 -0.01641839892683301    4    2    3    3
 -6.602287881107816e-15    4    2    4    1
 0.027894219421513    4    2    4    2
 -1.715823121604954e-13    4    2    4    3
 -0.00529390240930564    4    2    4    4
 -0.007551915518939416    4    2    5    5
 -0.007551915518939414    4    2    6    6
 -0.01201853781949909    4    2    7    1
 -8.627773991662195e-13    4    2    7    2
 -0.005730747368631382    4    2    7    3
 -8.977649353092421e-14    4    2    7    4
 -0.005056880397401005    4    2    7    7
 -1.004874002730167e-13    4    2    8    5
 -1.059590783170083e-14    4    2    8    6
 -0.007659090694426596    4    2    8    8
 1.059723597936213e-14    4    2    9    5
 -1.004873267929085e-13    4    2    9    6
 -0.007659090694426594    4    2    9    9
 -1.948162734377503e-14    4    2   10    1
 -0.0133543501406735    4    2   10    2
 3.908308138927952e-13    4    2   10    3
 0.007218027761249623    4    2   10    4
 1.044589761911574e-13    4    2   10    7
 -0.02009746603700074    4    2   10   10
 -1.306083725601068e-11    4    3    1    1
 0.1787075045131668    4    3    2    1
 1.306862458554841e-11    4    3    2    2
 3.420132964815012e-13    4    3    3    1
 -0.009342187085710735    4    3    3    2
 2.484991379336776e-15    4    3    3    3
 -0.004674536192226575    4    3    4    1
 -1.71561874949544e-13    4    3    4    2
 0.07121777673998822    4    3    4    3
 -2.130240428499519e-15    4    3    4    4
 -1.731530797040369e-15    4    3    5    5
 -1.734723475976806e-15    4    3    6    6
 1.118702298765623e-13    4    3    7    1
 -0.00302544774236462    4    3    7    2
 3.464242781525684e-15    4    3    7    3
 -0.09639464020081491    4    3    7    4
 3.295974604355933e-15    4    3    7    7
 0.1008762597783612    4    3    8    5
 0.01063647074297283    4    3    8    6
 7.082333851327061e-15    4    3    8    8
 -1.137363823838076e-15    4    3    9    4
 -0.01063647074297288    4    3    9    5
 0.1008762597783612    4    3    9    6
 7.049916206369744e-15    4    3    9    9
 0.01043939581448065    4    3   10    1
 3.804412297345183e-13    4    3   10    2
 -0.05050041288982179    4    3   10    3
 -3.982925100842749e-15    4    3   10    4
 -0.06784059176278744    4    3   10    7
 8.170547571850761e-15    4    3   10   10
 0.588113128990028    4    4    1    1
 0.5880653850720794    4    4    2    2
 -0.01165101598413574    4    4    3    1
 -4.255534726688159e-13    4    4    3    2
 0.4512968841145092    4    4    3    3
 1.927745072946574e-13    4    4    4    1
 -0.00529390240930566    4    4    4    2
 -2.130240428499519e-15    4    4    4    3
 0.478711048037355    4    4    4    4
 0.4490730678901997    4    4    5    5
 0.4490730678901996    4    4    6    6
 -0.004734536165618709    4    4    7    1
 -1.721244674568467e-13    4    4    7    2
 -0.005054006819024667    4    4    7    3
 4.746203430272544e-15    4    4    7    4
 0.4886072570046741    4    4    7    7
 -2.1989788462351e-15    4    4    8    5
 0.4713809935763436    4    4    8    8
 -2.164934898019055e-15    4    4    9    6
 0.4713809935763434    4    4    9    9
 -5.501780671671175e-13    4    4   10    1
 0.01503263100604088    4    4   10    2
 -1.013078509970455e-15    4    4   10    3
 0.01662001264849947    4    4   10    4
 1.582067810090848e-15    4    4   10    7
 0.4924875328341494    4    4   10   10
 0.009535689648758068    5    1    5    1
 1.875398707856801e-14    5    1    5    2
 0.01603784098939518    5    1    5    3
 -3.906066008835252e-13    5    1    5    4
 -0.002821467403033448    5    1    7    5
 -8.169778677692891e-13    5    1    8    1
 0.01146396464826367    5    1    8    2
 -4.134024936611191e-13    5    1    8    3
 0.01468067184526723    5    1    8    4
 1.942721157555116e-13    5    1    8    7
 8.614011089050599e-14    5    1    9    1
 -0.001208769286724567    5    1    9    2
 4.358644521695876e-14    5    1    9    3
 -0.001547941378005631    5    1    9    4
 -2.048280165270477e-14    5    1    9    7
 2.912898519317377e-13    5    1   10    5
 -0.01023935135588408    5    1   10    8
 0.001079645115344005    5    1   10    9
 1.875417469636583e-14    5    2    5    1
 0.009007620517192999    5    2    5    2
 5.852412738455159e-13    5    2    5    3
 0.01067640048146164    5    2    5    4
 -1.033374322006153e-13    5    2    7    5
 0.01088415788086532    5    2    8    1
 8.167931120958011e-13    5    2    8    2
 0.01130065078947137    5    2    8    3
 5.366359483519045e-13    5    2    8    4
 -0.005328137024088409    5    2    8    7
 -0.001147634013355391    5    2    9    1
 -8.612621563264364e-14    5    2    9    2
 -0.001191549347317785    5    2    9    3
 -5.658659169493693e-14    5    2    9    4
 0.0005618028830151339    5    2    9    7
 -0.007956008403057694    5    2   10    5
 -3.741505100058056e-13    5    2   10    8
 3.945335811522677e-14    5    2   10    9
 0.01603784098939518    5    3    5    1
 5.852445264520334e-13    5    3    5    2
 0.09334482752382725    5    3    5    3
 -1.739927646404738e-15    5    3    5    4
 -0.00424544890698064    5    3    7    5
 -6.59322470480516e-13    5    3    8    1
 0.0180302290833632    5    3    8    2
 -1.826663820203578e-15    5    3    8    3
 0.06794441255639484    5    3    8    4
 -1.625435896990268e-15    5    3    8    7
 6.951636455807485e-14    5    3    9    1
 -0.001901121280226424    5    3    9    2
 -0.007164111336923252    5    3    9    4
 2.437682895166729e-15    5    3   10    5
 -0.05258689106327451    5    3   10    8
 0.005544802409282069    5    3   10    9
 -3.906049745802664e-13    5    4    5    1
 0.01067640048146164    5    4    5    2
 -1.734723475976807e-15    5    4    5    3
 0.04502868774552744    5    4    5    4
 0.01266088117252276    5    4    8    1
 4.630035402655459e-13    5    4    8    2
 0.04125020165043459    5    4    8    3
 -0.02963444697581327    5    4    8    7
 -0.00133497308948286    5    4    9    1
 -4.882286388325704e-14    5    4    9    2
 -0.004349453121681814    5    4    9    3
 0.003124678977342824    5    4    9    7
 -0.02069113907963842    5    4   10    5
 0.6048800055144276    5    5    1    1
 -1.366611088616382e-14    5    5    2    1
 0.6049282964472652    5    5    2    2
 -0.002638884615137817    5    5    3    1
 -9.581571647210296e-14    5    5    3    2
 0.5314188535221047    5    5    3    3
 2.763830559814745e-13    5    5    4    1
 -0.007551915518939386    5    5    4    2
 -1.748601263784622e-15    5    5    4    3
 0.4490730678901996    5    5    4    4
 0.517043549705809    5    5    5    5
 0.474972355388954    5    5    6    6
 0.008524283209230153    5    5    7    1
 3.117957281251194e-13    5    5    7    2
 0.04981338796509334    5    5    7    3
 7.466249840604178e-15    5    5    7    4
 0.4660460816108403    5    5    7    7
 -8.227766341503684e-15    5    5    8    5
 0.5161058837248079    5    5    8    8
 -6.689093723366568e-15    5    5    9    6
 -0.00419849661825876    5    5    9    8
 0.4767300458709818    5    5    9    9
 2.203472322138966e-13    5    5   10    1
 -0.006048245391052681    5    5   10    2
 4.191091917959966e-15    5    5   10    3
 -0.03686427484384445    5    5   10    4
 6.647460359943125e-15    5    5   10    7
 0.5446164665702276    5    5   10   10
 -1.119663631513507e-15    6    1    2    1
 0.009535689648758066    6    1    6    1
 1.875386510582361e-14    6    1    6    2
 0.01603784098939517    6    1    6    3
 -3.906044324791802e-13    6    1    6    4
 -0.002821467403033447    6    1    7    6
 -8.614302860137193e-14    6    1    8    1
 0.001208769286724562    6    1    8    2
 -4.358786823231015e-14    6    1    8    3
 0.001547941378005624    6    1    8    4
 2.048431953574625e-14    6    1    8    7
 -8.169796558558408e-13    6    1    9    1
 0.01146396464826366    6    1    9    2
 -4.134041199643779e-13    6    1    9    3
 0.01468067184526723    6    1    9    4
 1.942699473511666e-13    6    1    9    7
 2.912847914260386e-13    6    1   10    6
 -0.001079645115344    6    1   10    8
 -0.01023935135588408    6    1   10    9
 -1.052328883759401e-15    6    2    1    1
 -1.047753292380805e-15    6    2    2    2
 1.875324041902501e-14    6    2    6    1
 0.009007620517192998    6    2    6    2
 5.852413822657332e-13    6    2    6    3
 0.01067640048146164    6    2    6    4
 -1.033387785065454e-13    6    2    7    6
 0.001147634013355385    6    2    8    1
 8.612306212898101e-14    6    2    8    2
 0.001191549347317779    6    2    8    3
 5.6582993498977e-14    6    2    8    4
 -0.0005618028830151313    6    2    8    7
 0.01088415788086532    6    2    9    1
 8.167913265503483e-13    6    2    9    2
 0.01130065078947137    6    2    9    3
 5.366358399316873e-13    6    2    9    4
 -0.005328137024088407    6    2    9    7
 -0.007956008403057688    6    2   10    6
 -3.945064760979555e-14    6    2   10    8
 -3.741503634691057e-13    6    2   10    9
 1.304360481181807e-15    6    3    2    1
 0.01603784098939517    6    3    6    1
 5.852417617364936e-13    6    3    6    2
 0.09334482752382721    6    3    6    3
 -1.734723475976807e-15    6    3    6    4
 -0.004245448906980637    6    3    7    6
 -6.95183550855009e-14    6    3    8    1
 0.001901121280226415    6    3    8    2
 0.007164111336923219    6    3    8    4
 -6.593243102360775e-13    6    3    9    1
 0.01803022908336319    6    3    9    2
 -1.819291245430676e-15    6    3    9    3
 0.06794441255639481    6    3    9    4
 1.224244881828389e-15    6    3    9    6
 -1.635844237846129e-15    6    3    9    7
 2.428612866367531e-15    6    3   10    6
 -0.005544802409282041    6    3   10    8
 -0.05258689106327447    6    3   10    9
 -3.90604916982026e-13    6    4    6    1
 0.01067640048146164    6    4    6    2
 -1.723881454251952e-15    6    4    6    3
 0.04502868774552744    6    4    6    4
 0.001334973089482854    6    4    8    1
 4.881913672653089e-14    6    4    8    2
 0.004349453121681796    6    4    8    3
 -0.003124678977342811    6    4    8    7
 0.01266088117252275    6    4    9    1
 4.630041721521245e-13    6    4    9    2
 0.04125020165043457    6    4    9    3
 -0.02963444697581326    6    4    9    7
 -0.02069113907963842    6    4   10    6
 0.02103559715842738    6    5    6    5
 0.004198496618258517    6    5    8    8
 0.01968791892691306    6    5    9    8
 -0.004198496618258787    6    5    9    9
 0.6048800055144274    6    6    1    1
 -1.366675463120373e-14    6    6    2    1
 0.604928296447265    6    6    2    2
 -0.002638884615137834    6    6    3    1
 -9.586081928247836e-14    6    6    3    2
 0.5314188535221045    6    6    3    3
 2.763314750631185e-13    6    6    4    1
 -0.007551915518939418    6    6    4    2
 -1.797173521111972e-15    6    6    4    3
 0.4490730678901996    6    6    4    4
 0.474972355388954    6    6    5    5
 0.5170435497058086    6    6    6    6
 0.008524283209230149    6    6    7    1
 3.118109069555342e-13    6    6    7    2
 0.04981338796509328    6    6    7    3
 7.53563877964325e-15    6    6    7    4
 0.46604608161084    6    6    7    7
 -6.651255067546824e-15    6    6    8    5
 0.4767300458709817    6    6    8    8
 -8.271161533457416e-15    6    6    9    6
 0.004198496618258541    6    6    9    8
 0.5161058837248075    6    6    9    9
 2.203663141721324e-13    6    6   10    1
 -0.006048245391052654    6    6   10    2
 4.315992008230296e-15    6    6   10    3
 -0.03686427484384446    6    6   10    4
 6.522560269672795e-15    6    6   10    7
 0.5446164665702276    6    6   10   10
 0.05804820482129126    7    1    1    1
 -1.577303121860568e-12    7    1    2    1
 0.05812970515067271    7    1    2    2
 -0.004611214856087175    7    1    3    1
 1.276447480699772e-14    7    1    3    2
 0.02130903723117065    7    1    3    3
 8.612624875163188e-13    7    1    4    1
 -0.01201853781949909    7    1    4    2
 1.118742685296548e-13    7    1    4    3
 -0.004734536165618714    7    1    4    4
 0.008524283209230144    7    1    5    5
 0.008524283209230141    7    1    6    6
 0.01279638542674681    7    1    7    1
 4.02958780709381e-14    7    1    7    2
 0.01510212590745783    7    1    7    3
 -5.420893768592894e-13    7    1    7    4
 -3.231496966901986e-05    7    1    7    7
 1.535804611164525e-13    7    1    8    5
 1.61947820605246e-14    7    1    8    6
 0.004772943201382131    7    1    8    8
 -1.619484304689681e-14    7    1    9    5
 1.535798398177857e-13    7    1    9    6
 0.00477294320138213    7    1    9    9
 6.045674005514934e-13    7    1   10    1
 -0.008838140812634239    7    1   10    2
 3.729296534668407e-13    7    1   10    3
 -0.0119426080299858    7    1   10    4
 -9.95098643243042e-14    7    1   10    7
 0.02108857337841175    7    1   10   10
 -1.033601653261339e-12    7    2    1    1
 0.04324954110281185    7    2    2    1
 5.293052644404425e-12    7    2    2    2
 1.275352182395677e-14    7    2    3    1
 -0.004984172473885802    7    2    3    2
 7.790182344688534e-13    7    2    3    3
 -0.01156342018895206    7    2    4    1
 -8.627771213394128e-13    7    2    4    2
 -0.003025447742364626    7    2    4    3
 -1.7210581917948e-13    7    2    4    4
 3.118057415170112e-13    7    2    5    5
 3.118054859446717e-13    7    2    6    6
 4.029533427578596e-14    7    2    7    1
 0.01170177983079148    7    2    7    2
 5.513601727957784e-13    7    2    7    3
 0.01482807402737338    7    2    7    4
 -1.680947048221526e-15    7    2    7    7
 -0.004193171438601374    7    2    8    5
 -0.0004421312350888725    7    2    8    6
 1.743689895705898e-13    7    2    8    8
 0.0004421312350888745    7    2    9    5
 -0.004193171438601373    7    2    9    6
 1.743691996347607e-13    7    2    9    9
 -0.007681017176185384    7    2   10    1
 -6.030671906406999e-13    7    2   10    2
 -0.0102055296143878    7    2   10    3
 -4.369697962844366e-13    7    2   10    4
 0.002734905074705786    7    2   10    7
 7.710238697500316e-13    7    2   10   10
 0.0645026632284343    7    3    1    1
 -6.18655585202417e-15    7    3    2    1
 0.0645699089023488    7    3    2    2
 0.006132097358566337    7    3    3    1
 2.243435472115696e-13    7    3    3    2
 0.09962569201886599    7    3    3    3
 2.104165467895196e-13    7    3    4    1
 -0.005730747368631382    7    3    4    2
 3.438655610255026e-15    7    3    4    3
 -0.005054006819024674    7    3    4    4
 0.0498133879650933    7    3    5    5
 0.04981338796509329    7    3    6    6
 0.01510212590745783    7    3    7    1
 5.51364563814577e-13    7    3    7    2
 0.0636875172717465    7    3    7    3
 0.02307176872511027    7    3    7    7
 0.03050299090594898    7    3    8    8
 0.03050299090594897    7    3    9    9
 6.897779822502429e-13    7    3   10    1
 -0.01886823236119621    7    3   10    2
 1.92077256877532e-15    7    3   10    3
 -0.03580342893072713    7    3   10    4
 2.417337163773681e-15    7    3   10    7
 0.08711904732889804    7    3   10   10
 1.485214094044214e-11    7    4    1    1
 -0.2031352651100486    7    4    2    1
 -1.484905126410022e-11    7    4    2    2
 -3.874212420058171e-13    7    4    3    1
 0.01060525807561455    7    4    3    2
 7.61196661258623e-15    7    4    3    3
 -0.002473020686266623    7    4    4    1
 -8.977486722766548e-14    7    4    4    2
 -0.09639464020081491    7    4    4    3
 4.78089789979208e-15    7    4    4    4
 7.410950871126207e-15    7    4    5    5
 7.410738689372918e-15    7    4    6    6
 -5.420950147105863e-13    7    4    7    1
 0.01482807402737337    7    4    7    2
 0.174444785157525    7    4    7    4
 1.06186291029698e-15    7    4    7    6
 -3.066991105526995e-15    7    4    7    7
 -0.1270638509651129    7    4    8    5
 -0.01339771058373234    7    4    8    6
 -5.848078098169562e-15    7    4    8    8
 1.04085892742748e-15    7    4    9    4
 0.0133977105837324    7    4    9    5
 -0.1270638509651129    7    4    9    6
 -5.814793091474257e-15    7    4    9    9
 -0.02344729286928204    7    4   10    1
 -8.578344198179044e-13    7    4   10    2
 0.03110910663315959    7    4   10    3
 0.108197338064385    7    4   10    7
 -1.568190022283034e-15    7    4   10   10
 -0.002821467403033448    7    5    5    1
 -1.033389411368713e-13    7    5    5    2
 -0.004245448906980637    7    5    5    3
 0.02285145730850967    7    5    7    5
 1.386911249636868e-13    7    5    8    1
 -0.003805523696036722    7    5    8    2
 -0.02506696836648463    7    5    8    4
 1.150121664572623e-15    7    5    8    7
 -1.462228169933123e-14    7    5    9    1
 0.0004012573577124964    7    5    9    2
 0.002643080505075719    7    5    9    4
 -0.006805362934286813    7    5   10    8
 0.0007175627239242757    7    5   10    9
 -1.413993377433625e-15    7    6    2    1
 -0.002821467403033447    7    6    6    1
 -1.033386429812738e-13    7    6    6    2
 -0.004245448906980635    7    6    6    3
 1.061862910296979e-15    7    6    7    4
 0.02285145730850967    7    6    7    6
 1.462405496280631e-14    7    6    8    1
 -0.0004012573577124945    7    6    8    2
 -0.002643080505075707    7    6    8    4
 1.386909826621516e-13    7    6    9    1
 -0.00380552369603672    7    6    9    2
 -0.02506696836648463    7    6    9    4
 -1.064689167855585e-15    7    6    9    6
 1.148386941096646e-15    7    6    9    7
 -0.0007175627239242717    7    6   10    8
 -0.006805362934286804    7    6   10    9
 0.6166994468214757    7    7    1    1
 4.738986709561938e-15    7    7    2    1
 0.616662033419012    7    7    2    2
 -0.007019902726440479    7    7    3    1
 -2.566900685063711e-13    7    7    3    2
 0.4950654905505736    7    7    3    3
 1.849335029731336e-13    7    7    4    1
 -0.005056880397400982    7    7    4    2
 3.261280134836397e-15    7    7    4    3
 0.4886072570046741    7    7    4    4
 0.4660460816108402    7    7    5    5
 0.46604608161084    7    7    6    6
 -3.231496966901314e-05    7    7    7    1
 -1.683115452566497e-15    7    7    7    2
 0.02307176872511027    7    7    7    3
 -3.080868893334809e-15    7    7    7    4
 0.5226948409323555    7    7    7    7
 2.765311851032903e-15    7    7    8    5
 0.4818278135278175    7    7    8    8
 2.80331313717852e-15    7    7    9    6
 0.4818278135278173    7    7    9    9
 -2.678964634763442e-13    7    7   10    1
 0.007350051971904134    7    7   10    2
 0.01671156119306116    7    7   10    4
 -2.220446049250313e-15    7    7   10    7
 0.5416164737538328    7    7   10   10
 -8.16980086148578e-13    8    1    5    1
 0.01088415788086532    8    1    5    2
 -6.59321555684933e-13    8    1    5    3
 0.01266088117252276    8    1    5    4
 -8.614291520483611e-14    8    1    6    1
 0.001147634013355385    8    1    6    2
 -6.951809462286962e-14    8    1    6    3
 0.001334973089482854    8    1    6    4
 1.386899655873402e-13    8    1    7    5
 1.462409837324485e-14    8    1    7    6
 0.01331476230330026    8    1    8    1
 -2.340337803110118e-14    8    1    8    2
 0.01336823220995446    8    1    8    3
 -6.346856634004139e-13    8    1    8    4
 -0.006625748274016633    8    1    8    7
 -0.009075865755959336    8    1   10    5
 -0.0009569662950679508    8    1   10    6
 4.23068034056083e-13    8    1   10    8
 0.01146396464826367    8    2    5    1
 8.167933899226078e-13    8    2    5    2
 0.0180302290833632    8    2    5    3
 4.629996473021203e-13    8    2    5    4
 0.001208769286724562    8    2    6    1
 8.612309219865064e-14    8    2    6    2
 0.001901121280226415    8    2    6    3
 4.881850674577637e-14    8    2    6    4
 -0.003805523696036722    8    2    7    5
 -0.0004012573577124945    8    2    7    6
 -2.34033551612116e-14    8    2    8    1
 0.01397091242057995    8    2    8    2
 4.889279085762421e-13    8    2    8    3
 0.01738723891857175    8    2    8    4
 -2.431080510512107e-13    8    2    8    7
 -3.316675513604424e-13    8    2   10    5
 -3.497159159482344e-14    8    2   10    6
 -0.01158560873904534    8    2   10    8
 -4.13402688478697e-13    8    3    5    1
 0.01130065078947138    8    3    5    2
 -1.811484989788781e-15    8    3    5    3
 0.0412502016504346    8    3    5    4
 -4.358800862802115e-14    8    3    6    1
 0.001191549347317779    8    3    6    2
 0.004349453121681795    8    3    6    4
 0.01336823220995446    8    3    8    1
 4.889341495149975e-13    8    3    8    2
 0.04355860340976492    8    3    8    3
 1.385610376436475e-15    8    3    8    4
 -0.0206003122354268    8    3    8    7
 -0.02953141221395771    8    3   10    5
 -0.003113814912473695    8    3   10    6
 0.01468067184526723    8    4    5    1
 5.366339832354669e-13    8    4    5    2
 0.06794441255639487    8    4    5    3
 0.001547941378005624    8    4    6    1
 5.65828698321667e-14    8    4    6    2
 0.007164111336923221    8    4    6    3
 -0.02506696836648464    8    4    7    5
 -0.002643080505075707    8    4    7    6
 -6.346900510310807e-13    8    4    8    1
 0.01738723891857176    8    4    8    2
 1.383441972091504e-15    8    4    8    3
 0.07234570713551344    8    4    8    4
 -3.639449852599341e-15    8    4    8    7
 -0.03111571450494786    8    4   10    8
 -1.772280706793892e-11    8    5    1    1
 0.242413607205773    8    5    2    1
 1.772137734408659e-11    8    5    2    2
 2.961725001804794e-13    8    5    3    1
 -0.00809789312385923    8    5    3    2
 -5.302182304323111e-15    8    5    3    3
 -0.002741042577162995    8    5    4    1
 -1.00490579399426e-13    8    5    4    2
 0.1008762597783613    8    5    4    3
 -2.116362640691705e-15    8    5    4    4
 -8.248462744536895e-15    8    5    5    5
 -6.63358257213531e-15    8    5    6    6
 1.535895434272294e-13    8    5    7    1
 -0.00419317143860137    8    5    7    2
 -0.1270638509651129    8    5    7    4
 2.789435349370706e-15    8    5    7    7
 0.1647996402797684    8    5    8    5
 0.01560859896570826    8    5    8    6
 8.00835092684693e-15    8    5    8    8
 -0.01560859896570834    8    5    9    5
 0.1312641805287066    8    5    9    6
 6.328271240363392e-15    8    5    9    9
 0.009200151026063879    8    5   10    1
 3.362779889617973e-13    8    5   10    2
 -0.07942066697711433    8    5   10    3
 -2.619432448724979e-15    8    5   10    4
 -0.09189563703030751    8    5   10    7
 3.899658373995862e-15    8    5   10   10
 -1.868675079329626e-12    8    6    1    1
 0.02556027797231837    8    6    2    1
 1.868592225531341e-12    8    6    2    2
 3.122918446396886e-14    8    6    3    1
 -0.0008538481054005698    8    6    3    2
 -0.000289017646384733    8    6    4    1
 -1.059580618774716e-14    8    6    4    2
 0.01063647074297283    8    6    4    3
 1.619491250359848e-14    8    6    7    1
 -0.0004421312350888718    8    6    7    2
 -0.01339771058373234    8    6    7    4
 0.01560859896570826    8    6    8    5
 0.01841351260580176    8    6    8    6
 0.01512194714525987    8    6    9    5
 0.01560859896570826    8    6    9    6
 0.0009700710299397024    8    6   10    1
 3.545379051103636e-14    8    6   10    2
 -0.008374176466747546    8    6   10    3
 -0.009689546944219543    8    6   10    7
 1.942709468500444e-13    8    7    5    1
 -0.00532813702408841    8    7    5    2
 -1.635844237846129e-15    8    7    5    3
 -0.02963444697581326    8    7    5    4
 2.048443748508416e-14    8    7    6    1
 -0.0005618028830151314    8    7    6    2
 -0.003124678977342811    8    7    6    4
 1.151160126965957e-15    8    7    7    5
 -0.006625748274016634    8    7    8    1
 -2.431113714203639e-13    8    7    8    2
 -0.0206003122354268    8    7    8    3
 -3.649858193455202e-15    8    7    8    4
 0.02854928421518357    8    7    8    7
 4.055138410746162e-05    8    7   10    5
 4.275769260219021e-06    8    7   10    6
 0.639551317758429    8    8    1    1
 1.107875049295368e-14    8    8    2    1
 0.6395887607441276    8    8    2    2
 -0.006400486724227672    8    8    3    1
 -2.341599136812533e-13    8    8    3    2
 0.5171488015875089    8    8    3    3
 2.797972357276857e-13    8    8    4    1
 -0.007659090694426598    8    8    4    2
 7.022160630754115e-15    8    8    4    3
 0.4713809935763437    8    8    4    4
 0.5161058837248079    8    8    5    5
 0.004198496618258518    8    8    6    5
 0.4767300458709816    8    8    6    6
 0.00477294320138214    8    8    7    1
 1.743770058904026e-13    8    8    7    2
 0.03050299090594898    8    8    7    3
 -5.870304242705515e-15    8    8    7    4
 0.4818278135278176    8    8    7    7
 7.950901764232354e-15    8    8    8    5
 0.5320102970547544    8    8    8    8
 6.38378239159465e-15    8    8    9    6
 0.4879146890904464    8    8    9    9
 -7.851385557325341e-15    8    8   10    1
 0.0002242616384846667    8    8   10    2
 -3.816391647148976e-15    8    8   10    3
 -0.02534900474238828    8    8   10    4
 -3.011479954295737e-15    8    8   10    7
 0.5460673660346396    8    8   10   10
 8.614010887880274e-14    9    1    5    1
 -0.00114763401335539    9    1    5    2
 6.951629213675786e-14    9    1    5    3
 -0.00133497308948286    9    1    5    4
 -8.169784047881777e-13    9    1    6    1
 0.01088415788086532    9    1    6    2
 -6.593239409297125e-13    9    1    6    3
 0.01266088117252275    9    1    6    4
 -1.46223551794394e-14    9    1    7    5
 1.386907082234767e-13    9    1    7    6
 0.01331476230330025    9    1    9    1
 -2.340267329968906e-14    9    1    9    2
 0.01336823220995446    9    1    9    3
 -6.346908675708418e-13    9    1    9    4
 -0.006625748274016633    9    1    9    7
 0.0009569662950679553    9    1   10    5
 -0.009075865755959339    9    1   10    6
 4.230704328533896e-13    9    1   10    9
 -0.001208769286724567    9    2    5    1
 -8.61262355379179e-14    9    2    5    2
 -0.001901121280226423    9    2    5    3
 -4.882330434038962e-14    9    2    5    4
 0.01146396464826367    9    2    6    1
 8.167932543973362e-13    9    2    6    2
 0.0180302290833632    9    2    6    3
 4.630005146638583e-13    9    2    6    4
 0.0004012573577124963    9    2    7    5
 -0.003805523696036723    9    2    7    6
 -2.340682376113061e-14    9    2    9    1
 0.01397091242057995    9    2    9    2
 4.889289927784146e-13    9    2    9    3
 0.01738723891857175    9    2    9    4
 -2.431106531364247e-13    9    2    9    7
 3.497441390860369e-14    9    2   10    5
 -3.316695876276476e-13    9    2   10    6
 -0.01158560873904535    9    2   10    9
 4.358634738465335e-14    9    3    5    1
 -0.001191549347317785    9    3    5    2
 -0.004349453121681814    9    3    5    4
 -4.134021446835449e-13    9    3    6    1
 0.01130065078947137    9    3    6    2
 -1.823194373251624e-15    9    3    6    3
 0.04125020165043457    9    3    6    4
 0.01336823220995446    9    3    9    1
 4.889306800680455e-13    9    3    9    2
 0.04355860340976489    9    3    9    3
 1.368263141676707e-15    9    3    9    4
 -0.02060031223542678    9    3    9    7
 0.003113814912473708    9    3   10    5
 -0.02953141221395769    9    3   10    6
 -1.649508361411194e-15    9    4    2    1
 -1.137363823838076e-15    9    4    4    3
 -0.001547941378005632    9    4    5    1
 -5.658699996481751e-14    9    4    5    2
 -0.007164111336923253    9    4    5    3
 0.01468067184526723    9    4    6    1
 5.3663573151147e-13    9    4    6    2
 0.06794441255639483    9    4    6    3
 1.04085892742748e-15    9    4    7    4
 0.002643080505075719    9    4    7    5
 -0.02506696836648463    9    4    7    6
 -6.346903762917324e-13    9    4    9    1
 0.01738723891857175    9    4    9    2
 1.37997252513955e-15    9    4    9    3
 0.07234570713551342    9    4    9    4
 -3.646388746503249e-15    9    4    9    7
 -0.03111571450494783    9    4   10    9
 1.868565216191752e-12    9    5    1    1
 -0.02556027797231849    9    5    2    1
 -1.868702573595577e-12    9    5    2    2
 -3.122738578950537e-14    9    5    3    1
 0.0008538481054005737    9    5    3    2
 0.0002890176463847353    9    5    4    1
 1.059817787999948e-14    9    5    4    2
 -0.01063647074297288    9    5    4    3
 -1.619593063720108e-14    9    5    7    1
 0.0004421312350888742    9    5    7    2
 0.0133977105837324    9    5    7    4
 -0.01560859896570834    9    5    8    5
 0.01512194714525987    9    5    8    6
 0.01841351260580177    9    5    9    5
 -0.01560859896570833    9    5    9    6
 -0.0009700710299397064    9    5   10    1
 -3.545560654967528e-14    9    5   10    2
 0.008374176466747582    9    5   10    3
 0.009689546944219581    9    5   10    7
 -1.772290442590588e-11    9    6    1    1
 0.242413607205773    9    6    2    1
 1.772127976589107e-11    9    6    2    2
 2.961951735584115e-13    9    6    3    1
 -0.00809789312385923    9    6    3    2
 -5.314325368654949e-15    9    6    3    3
 -0.002741042577163003    9    6    4    1
 -1.004761053004233e-13    9    6    4    2
 0.1008762597783612    9    6    4    3
 -2.149322386735264e-15    9    6    4    4
 -6.684362197323206e-15    9    6    5    5
 1.224244881828389e-15    9    6    6    3
 -8.326672684688672e-15    9    6    6    6
 1.535828620313415e-13    9    6    7    1
 -0.004193171438601361    9    6    7    2
 -0.1270638509651128    9    6    7    4
 -1.064689167855585e-15    9    6    7    6
 2.75474087985117e-15    9    6    7    7
 0.1312641805287066    9    6    8    5
 0.01560859896570826    9    6    8    6
 6.313959771686584e-15    9    6    8    8
 -0.01560859896570833    9    6    9    5
 0.1647996402797683    9    6    9    6
 7.91033905045424e-15    9    6    9    9
 0.009200151026063889    9    6   10    1
 3.362666048389862e-13    9    6   10    2
 -0.07942066697711422    9    6   10    3
 -2.650657471292561e-15    9    6   10    4
 -0.09189563703030754    9    6   10    7
 3.969047313034935e-15    9    6   10   10
 -2.048267078611442e-14    9    7    5    1
 0.000561802883015134    9    7    5    2
 0.003124678977342824    9    7    5    4
 1.942706757995013e-13    9    7    6    1
 -0.005328137024088408    9    7    6    2
 -1.635410556977135e-15    9    7    6    3
 -0.02963444697581324    9    7    6    4
 1.148386941096646e-15    9    7    7    6
 -0.006625748274016633    9    7    9    1
 -2.431100026151212e-13    9    7    9    2
 -0.02060031223542678    9    7    9    3
 -3.635113043909399e-15    9    7    9    4
 0.02854928421518356    9    7    9    7
 -4.275769260218328e-06    9    7   10    5
 4.05513841074502e-05    9    7   10    6
 -0.004198496618258752    9    8    5    5
 0.01968791892691305    9    8    6    5
 0.004198496618258532    9    8    6    6
 0.02204780398215398    9    8    9    8
 0.6395513177584288    9    9    1    1
 1.091179691091806e-14    9    9    2    1
 0.6395887607441274    9    9    2    2
 -0.006400486724227643    9    9    3    1
 -2.341226171265198e-13    9    9    3    2
 0.5171488015875086    9    9    3    3
 2.798380559394797e-13    9    9    4    1
 -0.007659090694426589    9    9    4    2
 6.904199434387692e-15    9    9    4    3
 0.4713809935763435    9    9    4    4
 0.4767300458709817    9    9    5    5
 -0.004198496618258786    9    9    6    5
 0.5161058837248076    9    9    6    6
 0.004772943201382138    9    9    7    1
 1.743722354008437e-13    9    9    7    2
 0.03050299090594895    9    9    7    3
 -5.745404152435185e-15    9    9    7    4
 0.4818278135278173    9    9    7    7
 6.387685519415598e-15    9    9    8    5
 0.4879146890904465    9    9    8    8
 7.938094626069869e-15    9    9    9    6
 0.5320102970547542    9    9    9    9
 -7.918822932453939e-15    9    9   10    1
 0.0002242616384846633    9    9   10    2
 -3.58046925441613e-15    9    9   10    3
 -0.02534900474238824    9    9   10    4
 -3.150257832373882e-15    9    9   10    7
 0.5460673660346396    9    9   10   10
 -1.375900620413444e-11   10    1    1    1
 0.1311492295383268   10    1    2    1
 5.423324129735264e-12   10    1    2    2
 1.836079376611852e-12   10    1    3    1
 -0.02494103504464916   10    1    3    2
 6.026525849536779e-13   10    1    3    3
 -0.01386792007045211   10    1    4    1
 -1.948320790725461e-14   10    1    4    2
 0.01043939581448063   10    1    4    3
 -5.501159423826341e-13   10    1    4    4
 2.203795414783414e-13   10    1    5    5
 2.203801377498316e-13   10    1    6    6
 6.045721547356681e-13   10    1    7    1
 -0.007681017176185383   10    1    7    2
 6.897720242204919e-13   10    1    7    3
 -0.02344729286928204   10    1    7    4
 -2.678759991603386e-13   10    1    7    7
 0.009200151026063891   10    1    8    5
 0.0009700710299397039   10    1    8    6
 -7.853581066724624e-15   10    1    8    8
 -0.0009700710299397081   10    1    9    5
 0.009200151026063887   10    1    9    6
 -7.856562622698959e-15   10    1    9    9
 0.03352320954437599   10    1   10    1
 -3.959629407804298e-14   10    1   10    2
 0.006316532943509639   10    1   10    3
 -4.658561405558592e-13   10    1   10    4
 -0.008382229307146737   10    1   10    7
 4.470764036756947e-13   10    1   10   10
 0.1140970308804933   10    2    1    1
 4.800475201201314e-12   10    2    2    1
 0.1139184206609592   10    2    2    2
 -0.02527801575703631   10    2    3    1
 -1.835295180803789e-12   10    2    3    2
 -0.01651453259797569   10    2    3    3
 -1.954300673926487e-14   10    2    4    1
 -0.01335435014067351   10    2    4    2
 3.804684432090477e-13   10    2    4    3
 0.01503263100604086   10    2    4    4
 -0.006048245391052646   10    2    5    5
 -0.006048245391052644   10    2    6    6
 -0.008838140812634248   10    2    7    1
 -6.030584018268392e-13   10    2    7    2
 -0.0188682323611962   10    2    7    3
 -8.578426597544153e-13   10    2    7    4
 0.007350051971904163   10    2    7    7
 3.362522498275219e-13   10    2    8    5
 3.545333311324485e-14   10    2    8    6
 0.0002242616384846833   10    2    8    8
 -3.545456967546872e-14   10    2    9    5
 3.362527948138141e-13   10    2    9    6
 0.0002242616384846833   10    2    9    9
 -3.959632626529498e-14   10    2   10    1
 0.03462151240315641   10    2   10    2
 2.311442053384849e-13   10    2   10    3
 0.01276120547096658   10    2   10    4
 -3.07112408420851e-13   10    2   10    7
 -0.01224031432757342   10    2   10   10
 1.301262089736381e-11   10    3    1    1
 -0.1779887339392289   10    3    2    1
 -1.301176305373505e-11   10    3    2    2
 -2.011437111976936e-13   10    3    3    1
 0.005493389526116192   10    3    3    2
 2.873352597521084e-15   10    3    3    3
 0.01069772929825738   10    3    4    1
 3.908134662345189e-13   10    3    4    2
 -0.05050041288982181   10    3    4    3
 4.113478712519528e-15   10    3    5    5
 4.111294638065033e-15   10    3    6    6
 3.72930032937601e-13   10    3    7    1
 -0.01020552961438779   10    3    7    2
 1.897787482718627e-15   10    3    7    3
 0.03110910663315965   10    3    7    4
 -0.07942066697711425   10    3    8    5
 -0.008374176466747542   10    3    8    6
 -3.790696055661069e-15   10    3    8    8
 0.008374176466747579   10    3    9    5
 -0.07942066697711424   10    3    9    6
 -3.774758283725532e-15   10    3    9    9
 0.006316532943509667   10    3   10    1
 2.311442053384849e-13   10    3   10    2
 0.08115512670794685   10    3   10    3
 2.55351295663786e-15   10    3   10    4
 0.05213732854454468   10    3   10    7
 -2.80331313717852e-15   10    3   10   10
 -0.04481914913133062   10    4    1    1
 -3.465839438631258e-15   10    4    2    1
 -0.0448937543621467   10    4    2    2
 -0.001144720410165686   10    4    3    1
 -4.182651404047166e-14   10    4    3    2
 -0.05809851503052037   10    4    3    3
 -2.637612858972984e-13   10    4    4    1
 0.007218027761249628   10    4    4    2
 -3.910066714851723e-15   10    4    4    3
 0.01662001264849962   10    4    4    4
 -0.0368642748438445   10    4    5    5
 -0.03686427484384448   10    4    6    6
 -0.01194260802998579   10    4    7    1
 -4.369791881857557e-13   10    4    7    2
 -0.03580342893072706   10    4    7    3
 0.01671156119306136   10    4    7    7
 -2.76766067339564e-15   10    4    8    5
 -0.02534900474238825   10    4    8    8
 -2.766883944183008e-15   10    4    9    6
 -0.02534900474238824   10    4    9    9
 -4.658842857666306e-13   10    4   10    1
 0.0127612054709666   10    4   10    2
 2.496267081930625e-15   10    4   10    3
 0.04247118617423323   10    4   10    4
 -0.04028651810913859   10    4   10   10
 2.912873833468572e-13   10    5    5    1
 -0.007956008403057694   10    5    5    2
 2.439942779070003e-15   10    5    5    3
 -0.02069113907963844   10    5    5    4
 -0.009075865755959343   10    5    8    1
 -3.316705091994943e-13   10    5    8    2
 -0.0295314122139577   10    5    8    3
 4.055138410746957e-05   10    5    8    7
 0.0009569662950679554   10    5    9    1
 3.497412591740162e-14   10    5    9    2
 0.003113814912473708   10    5    9    3
 -4.275769260218658e-06   10    5    9    7
 0.03074270426166032   10    5   10    5
 2.912883603993618e-13   10    6    6    1
 -0.007956008403057692   10    6    6    2
 2.445336684878119e-15   10    6    6    3
 -0.02069113907963843   10    6    6    4
 -0.000956966295067951   10    6    8    1
 -3.497139847131146e-14   10    6    8    2
 -0.003113814912473695   10    6    8    3
 4.275769260218441e-06   10    6    8    7
 -0.009075865755959339   10    6    9    1
 -3.316685576355838e-13   10    6    9    2
 -0.0295314122139577   10    6    9    3
 4.055138410746784e-05   10    6    9    7
 0.03074270426166031   10    6   10    6
 1.411633776451232e-11   10    7    1    1
 -0.1930392432278049   10    7    2    1
 -1.410866807768658e-11   10    7    2    2
 -2.506164831325881e-13   10    7    3    1
 0.006853618839709932   10    7    3    2
 6.92978660565835e-15   10    7    3    3
 0.002863939657536594   10    7    4    1
 1.044519830871449e-13   10    7    4    2
 -0.06784059176278742   10    7    4    3
 1.628905343942222e-15   10    7    4    4
 6.653481493648682e-15   10    7    5    5
 6.654399253847031e-15   10    7    6    6
 -9.950522936001682e-14   10    7    7    1
 0.002734905074705775   10    7    7    2
 2.430347589843507e-15   10    7    7    3
 0.108197338064385   10    7    7    4
 -2.185751579730777e-15   10    7    7    7
 -0.09189563703030756   10    7    8    5
 -0.009689546944219543   10    7    8    6
 -3.052788057067435e-15   10    7    8    8
 0.009689546944219586   10    7    9    5
 -0.09189563703030754   10    7    9    6
 -3.039235529911366e-15   10    7    9    9
 -0.00838222930714674   10    7   10    1
 -3.070707750574275e-13   10    7   10    2
 0.05213732854454473   10    7   10    3
 0.09455136233207216   10    7   10    7
 -1.377370439925585e-15   10    7   10   10
 -0.01023935135588408   10    8    5    1
 -3.741537244958404e-13   10    8    5    2
 -0.05258689106327449   10    8    5    3
 -0.001079645115344   10    8    6    1
 -3.945093898912941e-14   10    8    6    2
 -0.005544802409282042   10    8    6    3
 -0.006805362934286803   10    8    7    5
 -0.0007175627239242715   10    8    7    6
 4.230700406771351e-13   10    8    8    1
 -0.01158560873904534   10    8    8    2
 -0.03111571450494785   10    8    8    4
 0.04085368663301539   10    8   10    8
 0.001079645115344006   10    9    5    1
 3.945350041676191e-14   10    9    5    2
 0.005544802409282067   10    9    5    3
 -0.01023935135588407   10    9    6    1
 -3.741540497564921e-13   10    9    6    2
 -0.05258689106327448   10    9    6    3
 0.0007175627239242752   10    9    7    5
 -0.006805362934286801   10    9    7    6
 4.230728557911353e-13   10    9    9    1
 -0.01158560873904534   10    9    9    2
 -0.03111571450494783   10    9    9    4
 0.04085368663301537   10    9   10    9
 0.7857076961766457   10   10    1    1
 6.112345601449326e-15   10   10    2    1
 0.7857936445743958   10   10    2    2
 -0.008207708585037561   10   10    3    1
 -2.998473865034601e-13   10   10    3    2
 0.6159522468104679   10   10    3    3
 7.348364538389829e-13   10   10    4    1
 -0.02009746603700064   10   10    4    2
 7.98666688339722e-15   10   10    4    3
 0.4924875328341492   10   10    4    4
 0.5446164665702277   10   10    5    5
 0.5446164665702273   10   10    6    6
 0.0210885733784117   10   10    7    1
 7.710355791334944e-13   10   10    7    2
 0.08711904732889786   10   10    7    3
 -1.471045507628332e-15   10   10    7    4
 0.5416164737538327   10   10    7    7
 4.021983484106539e-15   10   10    8    5
 0.5460673660346395   10   10    8    8
 4.052314039881821e-15   10   10    9    6
 0.5460673660346392   10   10    9    9
 4.470475638979066e-13   10   10   10    1
 -0.01224031432757357   10   10   10    2
 -2.498001805406602e-15   10   10   10    3
 -0.04028651810913927   10   10   10    4
 -1.693090112553364e-15   10   10   10    7
 0.666907825622834   10   10   10   10
 -20.26805365376496    1    1  0  0
 -2.262252885021354e-14    2    1  0  0
 -20.26762017168191    2    2  0  0
 0.4158757977847447    3    1  0  0
 1.519219472445599e-11    3    2  0  0
 -6.987868184664956    3    3  0  0
 -1.584565074638777e-11    4    1  0  0
 0.4336525769115291    4    2  0  0
 -4.779510121011299e-14    4    3  0  0
 -5.741789417506173    4    4  0  0
 1.690306364978355e-15    5    2  0  0
 -6.032668401350192    5    5  0  0
 -1.926332167151296e-15    6    1  0  0
 1.181938570766038e-15    6    2  0  0
 2.078544801524827e-15    6    4  0  0
 1.590741427470717e-15    6    5  0  0
 -6.03266840135019    6    6  0  0
 -0.2002880669885518    7    1  0  0
 -7.332412454985615e-12    7    2  0  0
 -0.6613973008668963    7    3  0  0
 -1.598721155460225e-14    7    4  0  0
 -5.956247072471477    7    7  0  0
 -5.559138219202177e-15    8    5  0  0
 -5.854799595276951    8    8  0  0
 1.989911032138699e-15    9    1  0  0
 1.267756159940916e-15    9    2  0  0
 -1.034927455884438e-15    9    4  0  0
 1.821459649775648e-15    9    5  0  0
 -3.552713678800499e-15    9    6  0  0
 1.221245327087672e-15    9    8  0  0
 -5.854799595276949    9    9  0  0
 6.83723780717238e-12   10    1  0  0
 -0.1870070678380245   10    2  0  0
 8.049116928532385e-15   10    3  0  0
 0.3073549620774937   10    4  0  0
 2.167787571275008e-15   10    6  0  0
 -1.043609643147647e-14   10    7  0  0
 -6.170981016654943   10   10  0  0
 15.11934888342857  0  0  0  0
