 &FCI NORB=  10,NELEC=12,MS2=0,
  ORBSYM=1,1,1,1,1,1,1,1,1,1,
  ISYM=1,
 &END
 5.35986801826093    1    1    1    1
 -0.1205313958906946    1    1    2    1
 0.5872205346053981    1    1    2    2
 -0.5156076814607994    1    1    3    1
 0.1768210649670448    1    1    3    2
 1.205657641627446    1    1    3    3
 1.093499245507347    1    1    4    4
 1.093499245507345    1    1    5    5
 0.01058477590206626    1    1    6    1
 -0.1285591298055791    1    1    6    2
 -1.705778945142178e-07    1    1    6    3
 1.255098240334649    1    1    6    6
 0.0411888894643756    1    1    7    1
 -0.02234102653491477    1    1    7    2
 -0.04230920801034858    1    1    7    3
 -0.1268532391590933    1    1    7    6
 0.2759391690429354    1    1    7    7
 -0.3766260993413624    1    1    8    4
 -0.08429003151522579    1    1    8    5
 1.294207122800122e-15    1    1    8    6
 0.4986481507542232    1    1    8    8
 0.08429003151522563    1    1    9    4
 -0.3766260993413632    1    1    9    5
 0.4986481507542243    1    1    9    9
 0.2182113621789767    1    1   10    1
 -0.04350136617696233    1    1   10    2
 -0.2593385350332306    1    1   10    3
 -0.007367657305708849    1    1   10    6
 0.05597008953552024    1    1   10    7
 0.4340779427817161    1    1   10   10
 -0.1205313958906946    2    1    1    1
 0.004698078918634535    2    1    2    1
 0.001436699816994514    2    1    2    2
 0.01828637991919822    2    1    3    1
 -0.0005567693513599271    2    1    3    2
 -0.005150938100433172    2    1    3    3
 -0.002611262817959839    2    1    4    4
 -0.00261126281795983    2    1    5    5
 -0.004111240655858997    2    1    6    1
 -0.000965686684901464    2    1    6    2
 -0.0049947123305484    2    1    6    3
 -0.003503671879981449    2    1    6    6
 -0.001002700955648467    2    1    7    1
 5.537182144856209e-05    2    1    7    2
 0.001045219990962944    2    1    7    3
 0.0008701732851832294    2    1    7    6
 0.000165615016735126    2    1    7    7
 0.00184309943345441    2    1    8    4
 0.0004124910875885902    2    1    8    5
 -0.0007437876082924486    2    1    8    8
 -0.0004124910875885895    2    1    9    4
 0.001843099433454413    2    1    9    5
 -0.0007437876082924553    2    1    9    9
 -0.007764504237363697    2    1   10    1
 0.0004094237416529173    2    1   10    2
 0.002285731748662207    2    1   10    3
 0.001494433093009281    2    1   10    6
 -0.00041942960892736    2    1   10    7
 -0.0009260171429950803    2    1   10   10
 0.5872205346053981    2    2    1    1
 0.00143669981699452    2    2    2    1
 1.475354117015347    2    2    2    2
 -0.001157496282589526    2    2    3    1
 -0.2455628324233023    2    2    3    2
 0.6224282774991949    2    2    3    3
 0.5149219227638693    2    2    4    4
 0.5149219227638687    2    2    5    5
 -0.01749899721474179    2    2    6    1
 0.1398183789052982    2    2    6    2
 -0.1921550338095722    2    2    6    3
 0.6214196463305246    2    2    6    6
 0.002547610810147931    2    2    7    1
 -0.1534272480337991    2    2    7    2
 0.05700909515098982    2    2    7    3
 -0.05683892446298854    2    2    7    6
 0.39435103216024    2    2    7    7
 -0.0425423967225784    2    2    8    4
 -0.009521113822834736    2    2    8    5
 0.3985333236770447    2    2    8    8
 0.009521113822834723    2    2    9    4
 -0.0425423967225786    2    2    9    5
 0.3985333236770447    2    2    9    9
 0.001454879696943926    2    2   10    1
 0.01635473762567131    2    2   10    2
 -0.03462958993872368    2    2   10    3
 -0.002325253497223669    2    2   10    6
 -0.0167679210078065    2    2   10    7
 0.3377973279252832    2    2   10   10
 -0.515607681460799    3    1    1    1
 0.01828637991919822    3    1    2    1
 -0.001157496282589519    3    1    2    2
 0.07848621134009737    3    1    3    1
 -0.005081949075958726    3    1    3    2
 -0.02167898677817149    3    1    3    3
 -0.01121230149541666    3    1    4    4
 -0.01121230149541663    3    1    5    5
 -0.002039898542258087    3    1    6    1
 0.001969349333380997    3    1    6    2
 0.0001579109189791142    3    1    6    3
 -0.01491927771144845    3    1    6    6
 -0.006235045885635375    3    1    7    1
 0.0001473977644987473    3    1    7    2
 0.001789024239390804    3    1    7    3
 0.001809607553936499    3    1    7    6
 -0.0003360502900710565    3    1    7    7
 0.00644138621035531    3    1    8    4
 0.001441601226314593    3    1    8    5
 -0.00385624058609625    3    1    8    8
 -0.00144160122631459    3    1    9    4
 0.006441386210355319    3    1    9    5
 -0.003856240586096272    3    1    9    9
 -0.03330855589412059    3    1   10    1
 0.002110551086301535    3    1   10    2
 0.009216463238683149    3    1   10    3
 -8.773582190288752e-05    3    1   10    6
 -0.0007564582342805604    3    1   10    7
 -0.003924066625846772    3    1   10   10
 0.1768210649670447    3    2    1    1
 -0.0005567693513599201    3    2    2    1
 -0.2455628324233023    3    2    2    2
 -0.005081949075958699    3    2    3    1
 0.1049166246298137    3    2    3    2
 0.06521614417744712    3    2    3    3
 0.08406049836639667    3    2    4    4
 0.08406049836639642    3    2    5    5
 -0.002902115503360977    3    2    6    1
 -0.0773961369288662    3    2    6    2
 0.0193368582187551    3    2    6    3
 0.07698862962536279    3    2    6    6
 0.0007076092143218164    3    2    7    1
 0.03873579540286522    3    2    7    2
 -0.01630869726974784    3    2    7    3
 -0.003926501833804974    3    2    7    6
 -0.03201301617183272    3    2    7    7
 -0.04560013774144963    3    2    8    4
 -0.01020544527861218    3    2    8    5
 0.006152292327969361    3    2    8    8
 0.01020544527861216    3    2    9    4
 -0.04560013774144975    3    2    9    5
 0.006152292327969532    3    2    9    9
 0.002157881441189301    3    2   10    1
 -0.006274759018536811    3    2   10    2
 -0.02305522609068948    3    2   10    3
 0.005951179146763793    3    2   10    6
 0.01657641595616121    3    2   10    7
 0.01091188378792517    3    2   10   10
 1.205657641627447    3    3    1    1
 -0.005150938100433189    3    3    2    1
 0.622428277499195    3    3    2    2
 -0.02167898677817151    3    3    3    1
 0.06521614417744702    3    3    3    2
 0.8437822343986946    3    3    3    3
 0.7870373602299264    3    3    4    4
 0.7870373602299252    3    3    5    5
 0.0001670109701918409    3    3    6    1
 -0.05301205967704457    3    3    6    2
 -0.001109770392367573    3    3    6    3
 0.8667376128108262    3    3    6    6
 0.001906536007146642    3    3    7    1
 -0.0323304981143574    3    3    7    2
 -0.01117799365130583    3    3    7    3
 -0.08202224223845374    3    3    7    6
 0.2768986415426313    3    3    7    7
 -0.2097637802817519    3    3    8    4
 -0.0469457525158825    3    3    8    5
 0.4059912690028891    3    3    8    8
 0.0469457525158824    3    3    9    4
 -0.2097637802817525    3    3    9    5
 0.4059912690028897    3    3    9    9
 0.009944430205527981    3    3   10    1
 -0.01150099029761566    3    3   10    2
 -0.1159471342266583    3    3   10    3
 -0.007899599911324065    3    3   10    6
 0.03973590440235726    3    3   10    7
 0.3726232955839275    3    3   10   10
 0.02300849203972855    4    1    4    1
 0.007989149517790754    4    1    4    2
 0.03197521532792253    4    1    4    3
 -0.0005200856214763591    4    1    6    4
 -0.0009251822568471517    4    1    7    4
 -0.01337683433773203    4    1    8    1
 -0.002829680624980764    4    1    8    2
 -0.01528461477373409    4    1    8    3
 -0.0004699704908787752    4    1    8    6
 0.002522191339988088    4    1    8    7
 0.002993774966400888    4    1    9    1
 0.0006332908671883373    4    1    9    2
 0.003420741853071678    4    1    9    3
 0.0001051807815673792    4    1    9    6
 -0.0005644738585743486    4    1    9    7
 -0.00850904295434679    4    1   10    4
 0.006933668996166619    4    1   10    8
 -0.001551775565275706    4    1   10    9
 0.007989149517790752    4    2    4    1
 0.01626181812737502    4    2    4    2
 0.04210815246123004    4    2    4    3
 -0.009490884951153886    4    2    6    4
 0.004163465515376484    4    2    7    4
 -0.004452751373002842    4    2    8    1
 0.001421489151379601    4    2    8    2
 -0.01659181129764975    4    2    8    3
 0.003164285028500277    4    2    8    6
 0.009767180491358567    4    2    8    7
 0.0009965388862222559    4    2    9    1
 -0.0003181334633416855    4    2    9    2
 0.003713296289394953    4    2    9    3
 -0.0007081763192775994    4    2    9    6
 -0.002185923792512632    4    2    9    7
 -0.00279378628245934    4    2   10    4
 0.01073642215004619    4    2   10    8
 -0.002402842933537431    4    2   10    9
 0.03197521532792252    4    3    4    1
 0.04210815246123004    4    3    4    2
 0.1568306171354426    4    3    4    3
 -0.000834191769071241    4    3    6    4
 0.002883569357582383    4    3    7    4
 -0.01800766387603144    4    3    8    1
 -0.009277596277456343    4    3    8    2
 -0.06483026224211988    4    3    8    3
 -0.003960390269624811    4    3    8    6
 0.01968834113559158    4    3    8    7
 0.004030168271080258    4    3    9    1
 0.002076353401901518    4    3    9    2
 0.0145092038419136    4    3    9    3
 0.0008863470195587854    4    3    9    6
 -0.004406308797249278    4    3    9    7
 -0.01905318514143819    4    3   10    4
 0.03532714711549591    4    3   10    8
 -0.007906319686595165    4    3   10    9
 1.093499245507347    4    4    1    1
 -0.00261126281795983    4    4    2    1
 0.5149219227638692    4    4    2    2
 -0.01121230149541666    4    4    3    1
 0.08406049836639666    4    4    3    2
 0.7870373602299265    4    4    3    3
 0.7957431592180598    4    4    4    4
 0.7167258826147336    4    4    5    5
 -0.0009479007298047621    4    4    6    1
 -0.06360746071697601    4    4    6    2
 -0.003834650297387973    4    4    6    3
 0.7852643147914627    4    4    6    6
 0.001178388392276121    4    4    7    1
 -0.01648853007068047    4    4    7    2
 -0.01191355744176752    4    4    7    3
 -0.06944604222256362    4    4    7    6
 0.2692018806797837    4    4    7    7
 -0.2119402226061775    4    4    8    4
 -0.04096535400625091    4    4    8    5
 0.408229747703287    4    4    8    8
 0.04743284672533234    4    4    9    4
 -0.1830420657124253    4    4    9    5
 -0.00555159979175265    4    4    9    8
 0.3846664629904633    4    4    9    9
 0.005407058370214466    4    4   10    1
 -0.01071506933371132    4    4   10    2
 -0.1048868923609391    4    4   10    3
 -0.005317277600160952    4    4   10    6
 0.04028569303825422    4    4   10    7
 0.3620224465595636    4    4   10   10
 0.02300849203972847    5    1    5    1
 0.007989149517790733    5    1    5    2
 0.03197521532792244    5    1    5    3
 -0.0005200856214763595    5    1    6    5
 -0.000925182256847143    5    1    7    5
 -0.002993774966400893    5    1    8    1
 -0.0006332908671883389    5    1    8    2
 -0.003420741853071685    5    1    8    3
 -0.0001051807815673791    5    1    8    6
 0.0005644738585743486    5    1    8    7
 -0.01337683433773205    5    1    9    1
 -0.002829680624980776    5    1    9    2
 -0.01528461477373413    5    1    9    3
 -0.000469970490878773    5    1    9    6
 0.002522191339988085    5    1    9    7
 -0.008509042954346764    5    1   10    5
 0.001551775565275708    5    1   10    8
 0.006933668996166627    5    1   10    9
 0.007989149517790733    5    2    5    1
 0.01626181812737502    5    2    5    2
 0.04210815246122995    5    2    5    3
 -0.009490884951153872    5    2    6    5
 0.004163465515376516    5    2    7    5
 -0.0009965388862222581    5    2    8    1
 0.0003181334633416837    5    2    8    2
 -0.003713296289394964    5    2    8    3
 0.000708176319277602    5    2    8    6
 0.002185923792512634    5    2    8    7
 -0.004452751373002852    5    2    9    1
 0.001421489151379584    5    2    9    2
 -0.01659181129764982    5    2    9    3
 0.003164285028500297    5    2    9    6
 0.009767180491358569    5    2    9    7
 -0.002793786282459308    5    2   10    5
 0.002402842933537435    5    2   10    8
 0.01073642215004619    5    2   10    9
 0.03197521532792243    5    3    5    1
 0.04210815246122996    5    3    5    2
 0.1568306171354422    5    3    5    3
 -0.0008341917690712506    5    3    6    5
 0.002883569357582437    5    3    7    5
 -0.004030168271080266    5    3    8    1
 -0.002076353401901527    5    3    8    2
 -0.01450920384191364    5    3    8    3
 -0.0008863470195587858    5    3    8    6
 0.004406308797249278    5    3    8    7
 -0.01800766387603147    5    3    9    1
 -0.009277596277456408    5    3    9    2
 -0.06483026224212009    5    3    9    3
 -0.003960390269624806    5    3    9    6
 0.01968834113559154    5    3    9    7
 -0.01905318514143808    5    3   10    5
 0.007906319686595172    5    3   10    8
 0.0353271471154959    5    3   10    9
 0.03950863830166228    5    4    5    4
 -0.003233746359540876    5    4    8    4
 -0.01444907844687625    5    4    8    5
 0.005551599791752848    5    4    8    8
 -0.01444907844687632    5    4    9    4
 0.003233746359540718    5    4    9    5
 0.01178164235641209    5    4    9    8
 -0.005551599791752651    5    4    9    9
 1.093499245507345    5    5    1    1
 -0.002611262817959841    5    5    2    1
 0.5149219227638687    5    5    2    2
 -0.01121230149541664    5    5    3    1
 0.08406049836639644    5    5    3    2
 0.787037360229925    5    5    3    3
 0.7167258826147337    5    5    4    4
 0.7957431592180571    5    5    5    5
 -0.0009479007298047657    5    5    6    1
 -0.06360746071697591    5    5    6    2
 -0.003834650297388045    5    5    6    3
 0.7852643147914617    5    5    6    6
 0.001178388392276138    5    5    7    1
 -0.01648853007068048    5    5    7    2
 -0.01191355744176742    5    5    7    3
 -0.06944604222256355    5    5    7    6
 0.2692018806797835    5    5    7    7
 -0.1830420657124243    5    5    8    4
 -0.04743284672533231    5    5    8    5
 0.3846664629904624    5    5    8    8
 0.0409653540062507    5    5    9    4
 -0.2119402226061775    5    5    9    5
 0.005551599791752839    5    5    9    8
 0.4082297477032872    5    5    9    9
 0.005407058370214499    5    5   10    1
 -0.01071506933371132    5    5   10    2
 -0.1048868923609389    5    5   10    3
 -0.005317277600160956    5    5   10    6
 0.04028569303825402    5    5   10    7
 0.3620224465595634    5    5   10   10
 0.01058477590206626    6    1    1    1
 -0.004111240655858998    6    1    2    1
 -0.01749899721474178    6    1    2    2
 -0.002039898542258088    6    1    3    1
 -0.002902115503360977    6    1    3    2
 0.0001670109701918398    6    1    3    3
 -0.0009479007298047601    6    1    4    4
 -0.0009479007298047686    6    1    5    5
 0.03058964787576758    6    1    6    1
 0.009110230420687865    6    1    6    2
 0.03953957056160115    6    1    6    3
 0.0009213072718799631    6    1    6    6
 -0.003622213616354586    6    1    7    1
 0.000723220699107663    6    1    7    2
 -0.005196148419704961    6    1    7    3
 -0.003352717482076717    6    1    7    6
 -0.002180393096530955    6    1    7    7
 -0.001991714405177456    6    1    8    4
 -0.0004457515564516785    6    1    8    5
 -0.001597102728249329    6    1    8    8
 0.000445751556451678    6    1    9    4
 -0.001991714405177457    6    1    9    5
 -0.001597102728249321    6    1    9    9
 0.0009209471339383295    6    1   10    1
 0.0008249957976928578    6    1   10    2
 -0.0009172541818213507    6    1   10    3
 -0.01203080883967619    6    1   10    6
 0.002053889156147508    6    1   10    7
 6.117590012119048e-05    6    1   10   10
 -0.1285591298055792    6    2    1    1
 -0.0009656866849014615    6    2    2    1
 0.1398183789052982    6    2    2    2
 0.001969349333381006    6    2    3    1
 -0.07739613692886622    6    2    3    2
 -0.05301205967704463    6    2    3    3
 -0.063607460716976    6    2    4    4
 -0.06360746071697584    6    2    5    5
 0.009110230420687863    6    2    6    1
 0.06715312966704459    6    2    6    2
 0.01824747994860186    6    2    6    3
 -0.07278193305255162    6    2    6    6
 -0.001209685566752085    6    2    7    1
 -0.02494731158035267    6    2    7    2
 0.007548106935733643    6    2    7    3
 0.002349875965135747    6    2    7    6
 0.01871538469651663    6    2    7    7
 0.03009073890883425    6    2    8    4
 0.006734396090386725    6    2    8    5
 -0.008154876301076263    6    2    8    8
 -0.00673439609038671    6    2    9    4
 0.03009073890883435    6    2    9    5
 -0.008154876301076378    6    2    9    9
 -0.0008749631471215919    6    2   10    1
 0.003083397043701728    6    2   10    2
 0.01722413505456327    6    2   10    3
 -0.01046459083969533    6    2   10    6
 -0.01082676636051383    6    2   10    7
 -0.008957184406851934    6    2   10   10
 -1.705778945247896e-07    6    3    1    1
 -0.004994712330548401    6    3    2    1
 -0.1921550338095723    6    3    2    2
 0.0001579109189791116    6    3    3    1
 0.0193368582187551    6    3    3    2
 -0.00110977039236753    6    3    3    3
 -0.003834650297387969    6    3    4    4
 -0.003834650297388046    6    3    5    5
 0.03953957056160115    6    3    6    1
 0.01824747994860186    6    3    6    2
 0.1802077252319819    6    3    6    3
 0.01320740719701307    6    3    6    6
 -0.004890488774001914    6    3    7    1
 0.01701073787923981    6    3    7    2
 -0.02764465635256873    6    3    7    3
 -0.01329666210723502    6    3    7    6
 -0.03207277591448161    6    3    7    7
 -0.01859613731517198    6    3    8    4
 -0.004161870361874752    6    3    8    5
 -0.02017039361461362    6    3    8    8
 0.004161870361874745    6    3    9    4
 -0.01859613731517201    6    3    9    5
 -0.02017039361461354    6    3    9    9
 -0.0001976698184185326    6    3   10    1
 -0.001060554115716925    6    3   10    2
 -0.005417066967096529    6    3   10    3
 -0.03457772957413394    6    3   10    6
 0.01320891326492321    6    3   10    7
 -0.001306767737656798    6    3   10   10
 -0.0005200856214763592    6    4    4    1
 -0.00949088495115389    6    4    4    2
 -0.0008341917690712383    6    4    4    3
 0.04417504271413981    6    4    6    4
 -0.005802245884129199    6    4    7    4
 0.0001469864000592554    6    4    8    1
 0.0007525743620863054    6    4    8    2
 -0.002354141202890566    6    4    8    3
 -0.01901656666567654    6    4    8    6
 0.002102357820210276    6    4    8    7
 -3.289598972288643e-05    6    4    9    1
 -0.0001684283612015722    6    4    9    2
 0.000526863742395837    6    4    9    3
 0.004255963690154248    6    4    9    6
 -0.0004705138789683029    6    4    9    7
 -0.001068870483487596    6    4   10    4
 -0.0002410901145770428    6    4   10    8
 5.395667849691266e-05    6    4   10    9
 -0.0005200856214763596    6    5    5    1
 -0.009490884951153872    6    5    5    2
 -0.0008341917690712511    6    5    5    3
 0.0441750427141397    6    5    6    5
 -0.005802245884129181    6    5    7    5
 3.289598972288664e-05    6    5    8    1
 0.0001684283612015746    6    5    8    2
 -0.0005268637423958367    6    5    8    3
 -0.004255963690154257    6    5    8    6
 0.0004705138789683057    6    5    8    7
 0.000146986400059257    6    5    9    1
 0.0007525743620863248    6    5    9    2
 -0.002354141202890557    6    5    9    3
 -0.01901656666567658    6    5    9    6
 0.002102357820210294    6    5    9    7
 -0.001068870483487591    6    5   10    5
 -5.395667849691262e-05    6    5   10    8
 -0.0002410901145770399    6    5   10    9
 1.255098240334649    6    6    1    1
 -0.003503671879981446    6    6    2    1
 0.6214196463305248    6    6    2    2
 -0.01491927771144846    6    6    3    1
 0.07698862962536268    6    6    3    2
 0.8667376128108258    6    6    3    3
 0.7852643147914625    6    6    4    4
 0.7852643147914612    6    6    5    5
 0.0009213072718799607    6    6    6    1
 -0.07278193305255158    6    6    6    2
 0.01320740719701306    6    6    6    3
 0.9678301875068115    6    6    6    6
 0.001125385711800871    6    6    7    1
 -0.03093519790538752    6    6    7    2
 -0.01748178581278005    6    6    7    3
 -0.0935455264762703    6    6    7    6
 0.2757260683085611    6    6    7    7
 -0.2128736172319144    6    6    8    4
 -0.04764174319468788    6    6    8    5
 0.4041752508867106    6    6    8    8
 0.04764174319468778    6    6    9    4
 -0.2128736172319151    6    6    9    5
 0.4041752508867114    6    6    9    9
 0.006933249774720207    6    6   10    1
 -0.01320655382191251    6    6   10    2
 -0.126945754821966    6    6   10    3
 -0.01052675900952287    6    6   10    6
 0.03957558816600278    6    6   10    7
 0.3738563995230362    6    6   10   10
 0.04118888946437563    7    1    1    1
 -0.001002700955648466    7    1    2    1
 0.002547610810147925    7    1    2    2
 -0.006235045885635377    7    1    3    1
 0.0007076092143218215    7    1    3    2
 0.001906536007146645    7    1    3    3
 0.001178388392276128    7    1    4    4
 0.001178388392276122    7    1    5    5
 -0.003622213616354585    7    1    6    1
 -0.001209685566752083    7    1    6    2
 -0.004890488774001917    7    1    6    3
 0.001125385711800878    7    1    6    6
 0.0009650617645796039    7    1    7    1
 -0.0001261328819686715    7    1    7    2
 0.0004994678834748652    7    1    7    3
 0.0002689276517634983    7    1    7    6
 0.0004325269708760325    7    1    7    7
 -0.0003123357312927745    7    1    8    4
 -6.99016575857033e-05    7    1    8    5
 0.0005757107439028332    7    1    8    8
 6.990165758570299e-05    7    1    9    4
 -0.0003123357312927727    7    1    9    5
 0.0005757107439028325    7    1    9    9
 0.002640266612991086    7    1   10    1
 -0.0002775046302275964    7    1   10    2
 -0.0006365900974211777    7    1   10    3
 0.001467776941040445    7    1   10    6
 -0.0002670239932365849    7    1   10    7
 0.0003794105370931879    7    1   10   10
 -0.02234102653491472    7    2    1    1
 5.537182144856283e-05    7    2    2    1
 -0.1534272480337991    7    2    2    2
 0.0001473977644987569    7    2    3    1
 0.03873579540286527    7    2    3    2
 -0.03233049811435736    7    2    3    3
 -0.01648853007068052    7    2    4    4
 -0.01648853007068048    7    2    5    5
 0.0007232206991076628    7    2    6    1
 -0.02494731158035267    7    2    6    2
 0.01701073787923982    7    2    6    3
 -0.03093519790538748    7    2    6    6
 -0.0001261328819686719    7    2    7    1
 0.0273375282708325    7    2    7    2
 -0.008936785471305818    7    2    7    3
 0.008694366989276173    7    2    7    6
 -0.005602701490242957    7    2    7    7
 0.004147937889805006    7    2    8    4
 0.0009283207299395619    7    2    8    5
 -0.006116209479477994    7    2    8    8
 -0.0009283207299395592    7    2    9    4
 0.004147937889805015    7    2    9    5
 -0.006116209479478003    7    2    9    9
 -0.0001400972237648539    7    2   10    1
 -0.004216117310774426    7    2   10    2
 0.003480990833958801    7    2   10    3
 -0.0007619590250077738    7    2   10    6
 -0.001552015496322811    7    2   10    7
 -0.004611852588644207    7    2   10   10
 -0.04230920801034866    7    3    1    1
 0.001045219990962946    7    3    2    1
 0.05700909515098984    7    3    2    2
 0.001789024239390817    7    3    3    1
 -0.01630869726974785    7    3    3    2
 -0.01117799365130584    7    3    3    3
 -0.01191355744176751    7    3    4    4
 -0.01191355744176742    7    3    5    5
 -0.005196148419704963    7    3    6    1
 0.007548106935733642    7    3    6    2
 -0.02764465635256874    7    3    6    3
 -0.01748178581277998    7    3    6    6
 0.0004994678834748641    7    3    7    1
 -0.008936785471305811    7    3    7    2
 0.007534891129915886    7    3    7    3
 0.001796005139832654    7    3    7    6
 0.002900109476557658    7    3    7    7
 0.0101466843959884    7    3    8    4
 0.002270857885336634    7    3    8    5
 -0.0002945276585504994    7    3    8    8
 -0.002270857885336629    7    3    9    4
 0.01014668439598839    7    3    9    5
 -0.0002945276585505192    7    3    9    9
 -0.0006999672205753527    7    3   10    1
 0.002873522096053024    7    3   10    2
 0.006238546169586493    7    3   10    3
 0.005247369453459166    7    3   10    6
 0.0006737177620516092    7    3   10    7
 -0.0008976668970724069    7    3   10   10
 -0.0009251822568471508    7    4    4    1
 0.004163465515376488    7    4    4    2
 0.002883569357582386    7    4    4    3
 -0.005802245884129199    7    4    6    4
 0.008502538790821334    7    4    7    4
 0.0005420379943611442    7    4    8    1
 0.003773938830026102    7    4    8    2
 0.001175100705497719    7    4    8    3
 0.004705274682890513    7    4    8    6
 0.01750143903769963    7    4    8    7
 -0.0001213097013378775    7    4    9    1
 -0.0008446186376242421    7    4    9    2
 -0.0002629910026766111    7    4    9    3
 -0.001053054347540482    7    4    9    6
 -0.003916873659656896    7    4    9    7
 0.006052121606157592    7    4   10    4
 0.005547007977722822    7    4   10    8
 -0.001241436740775857    7    4   10    9
 -0.0009251822568471438    7    5    5    1
 0.004163465515376513    7    5    5    2
 0.002883569357582428    7    5    5    3
 -0.005802245884129181    7    5    6    5
 0.008502538790821404    7    5    7    5
 0.0001213097013378773    7    5    8    1
 0.0008446186376242438    7    5    8    2
 0.0002629910026766088    7    5    8    3
 0.001053054347540485    7    5    8    6
 0.003916873659656908    7    5    8    7
 0.0005420379943611425    7    5    9    1
 0.003773938830026109    7    5    9    2
 0.001175100705497701    7    5    9    3
 0.004705274682890529    7    5    9    6
 0.01750143903769969    7    5    9    7
 0.006052121606157616    7    5   10    5
 0.00124143674077586    7    5   10    8
 0.005547007977722835    7    5   10    9
 -0.1268532391590934    7    6    1    1
 0.0008701732851832282    7    6    2    1
 -0.05683892446298856    7    6    2    2
 0.001809607553936498    7    6    3    1
 -0.003926501833804968    7    6    3    2
 -0.08202224223845371    7    6    3    3
 -0.06944604222256365    7    6    4    4
 -0.06944604222256351    7    6    5    5
 -0.003352717482076715    7    6    6    1
 0.002349875965135741    7    6    6    2
 -0.01329666210723503    7    6    6    3
 -0.0935455264762703    7    6    6    6
 0.0002689276517634981    7    6    7    1
 0.008694366989276165    7    6    7    2
 0.001796005139832664    7    6    7    3
 0.01518237332534954    7    6    7    6
 0.003727495230097545    7    6    7    7
 0.02872142440993163    7    6    8    4
 0.006427939468106426    7    6    8    5
 -0.01769968217140326    7    6    8    8
 -0.006427939468106412    7    6    9    4
 0.02872142440993172    7    6    9    5
 -0.01769968217140337    7    6    9    9
 -0.000841156055461968    7    6   10    1
 9.009847477869255e-05    7    6   10    2
 0.0162401914807354    7    6   10    3
 0.003005318524453913    7    6   10    6
 -0.01100415429128424    7    6   10    7
 -0.01791958982800437    7    6   10   10
 0.2759391690429353    7    7    1    1
 0.0001656150167351264    7    7    2    1
 0.39435103216024    7    7    2    2
 -0.0003360502900710467    7    7    3    1
 -0.03201301617183272    7    7    3    2
 0.2768986415426313    7    7    3    3
 0.2692018806797836    7    7    4    4
 0.2692018806797835    7    7    5    5
 -0.002180393096530955    7    7    6    1
 0.0187153846965166    7    7    6    2
 -0.03207277591448161    7    7    6    3
 0.2757260683085611    7    7    6    6
 0.0004325269708760348    7    7    7    1
 -0.005602701490242947    7    7    7    2
 0.002900109476557668    7    7    7    3
 0.003727495230097557    7    7    7    6
 0.3169304543789806    7    7    7    7
 0.007424999954381136    7    7    8    4
 0.001661736882414219    7    7    8    5
 0.2817029320282612    7    7    8    8
 -0.001661736882414203    7    7    9    4
 0.007424999954381201    7    7    9    5
 0.2817029320282611    7    7    9    9
 0.0002816685585705124    7    7   10    1
 -0.0026467621278587    7    7   10    2
 -0.002328272379392989    7    7   10    3
 -0.01032438562635317    7    7   10    6
 -0.03590245013233782    7    7   10    7
 0.2467142405885367    7    7   10   10
 -0.01337683433773203    8    1    4    1
 -0.004452751373002844    8    1    4    2
 -0.01800766387603144    8    1    4    3
 -0.002993774966400892    8    1    5    1
 -0.0009965388862222578    8    1    5    2
 -0.004030168271080266    8    1    5    3
 0.0001469864000592554    8    1    6    4
 3.289598972288664e-05    8    1    6    5
 0.0005420379943611446    8    1    7    4
 0.0001213097013378774    8    1    7    5
 0.008171259469281884    8    1    8    1
 0.001689241334253114    8    1    8    2
 0.009085042785869924    8    1    8    3
 0.0003267641452091136    8    1    8    6
 -0.001543977464738293    8    1    8    7
 0.004861598311487966    8    1   10    4
 0.001088040036541049    8    1   10    5
 -0.004161353539542585    8    1   10    8
 -0.002829680624980764    8    2    4    1
 0.001421489151379602    8    2    4    2
 -0.009277596277456333    8    2    4    3
 -0.0006332908671883388    8    2    5    1
 0.000318133463341684    8    2    5    2
 -0.002076353401901526    8    2    5    3
 0.0007525743620863048    8    2    6    4
 0.0001684283612015747    8    2    6    5
 0.003773938830026101    8    2    7    4
 0.0008446186376242437    8    2    7    5
 0.001689241334253114    8    2    8    1
 0.007124603760376456    8    2    8    2
 0.004395122646600223    8    2    8    3
 0.0009908912635581517    8    2    8    6
 0.008068515486473922    8    2    8    7
 0.004675096551471658    8    2   10    4
 0.001046300392748675    8    2   10    5
 0.000192887067837054    8    2   10    8
 -0.01528461477373409    8    3    4    1
 -0.01659181129764976    8    3    4    2
 -0.06483026224211984    8    3    4    3
 -0.003420741853071685    8    3    5    1
 -0.003713296289394963    8    3    5    2
 -0.01450920384191363    8    3    5    3
 -0.002354141202890566    8    3    6    4
 -0.0005268637423958365    8    3    6    5
 0.001175100705497716    8    3    7    4
 0.0002629910026766088    8    3    7    5
 0.009085042785869924    8    3    8    1
 0.004395122646600221    8    3    8    2
 0.03096004218947109    8    3    8    3
 0.002543731389039026    8    3    8    6
 -0.006108580505905294    8    3    8    7
 0.013200752726244    8    3   10    4
 0.002954367382572968    8    3   10    5
 -0.01223318689568085    8    3   10    8
 -0.3766260993413625    8    4    1    1
 0.001843099433454417    8    4    2    1
 -0.04254239672257842    8    4    2    2
 0.006441386210355324    8    4    3    1
 -0.04560013774144964    8    4    3    2
 -0.2097637802817519    8    4    3    3
 -0.2119402226061775    8    4    4    4
 -0.003233746359540866    8    4    5    4
 -0.1830420657124243    8    4    5    5
 -0.001991714405177457    8    4    6    1
 0.03009073890883426    8    4    6    2
 -0.01859613731517198    8    4    6    3
 -0.2128736172319145    8    4    6    6
 -0.0003123357312927765    8    4    7    1
 0.004147937889804987    8    4    7    2
 0.01014668439598841    8    4    7    3
 0.02872142440993162    8    4    7    6
 0.007424999954381144    8    4    7    7
 0.1002179656801255    8    4    8    4
 0.02027223355697822    8    4    8    5
 -0.04487893088890862    8    4    8    8
 -0.02027223355697816    8    4    9    4
 0.08094348632674954    8    4    9    5
 -9.297324711680683e-05    8    4    9    8
 -0.0457097800599252    8    4    9    9
 -0.002802611114611431    8    4   10    1
 0.007537661506589246    8    4   10    2
 0.04915686292185413    8    4   10    3
 0.00174582992228836    8    4   10    6
 -0.0159335240044058    8    4   10    7
 -0.04160178528927269    8    4   10   10
 -0.08429003151522585    8    5    1    1
 0.0004124910875885914    8    5    2    1
 -0.009521113822834729    8    5    2    2
 0.001441601226314596    8    5    3    1
 -0.01020544527861218    8    5    3    2
 -0.04694575251588249    8    5    3    3
 -0.04096535400625091    8    5    4    4
 -0.01444907844687625    8    5    5    4
 -0.04743284672533229    8    5    5    5
 -0.0004457515564516787    8    5    6    1
 0.006734396090386729    8    5    6    2
 -0.004161870361874753    8    5    6    3
 -0.04764174319468788    8    5    6    6
 -6.990165758570374e-05    8    5    7    1
 0.0009283207299395571    8    5    7    2
 0.002270857885336632    8    5    7    3
 0.006427939468106423    8    5    7    6
 0.001661736882414224    8    5    7    7
 0.02027223355697822    8    5    8    4
 0.01417422531945137    8    5    8    5
 -0.01004403705853397    8    5    8    8
 0.005100254033924765    8    5    9    4
 0.02027223355697827    8    5    9    5
 0.0004154245855081845    8    5    9    8
 -0.01022998355276756    8    5    9    9
 -0.0006272326309531864    8    5   10    1
 0.00168695086998113    8    5   10    2
 0.01100145086099631    8    5   10    3
 0.0003907218841903248    8    5   10    6
 -0.003565969652205872    8    5   10    7
 -0.00931060221066665    8    5   10   10
 1.294207122800122e-15    8    6    1    1
 -0.0004699704908787748    8    6    4    1
 0.003164285028500278    8    6    4    2
 -0.003960390269624811    8    6    4    3
 -0.000105180781567379    8    6    5    1
 0.0007081763192776021    8    6    5    2
 -0.0008863470195587855    8    6    5    3
 -0.01901656666567654    8    6    6    4
 -0.004255963690154258    8    6    6    5
 0.004705274682890513    8    6    7    4
 0.001053054347540485    8    6    7    5
 0.0003267641452091136    8    6    8    1
 0.0009908912635581523    8    6    8    2
 0.002543731389039025    8    6    8    3
 0.01063693064984234    8    6    8    6
 0.004779531967434274    8    6    8    7
 0.001572986641807969    8    6   10    4
 0.0003520390483901379    8    6   10    5
 3.393703759498576e-05    8    6   10    8
 0.002522191339988088    8    7    4    1
 0.009767180491358565    8    7    4    2
 0.01968834113559159    8    7    4    3
 0.0005644738585743488    8    7    5    1
 0.002185923792512634    8    7    5    2
 0.004406308797249278    8    7    5    3
 0.002102357820210275    8    7    6    4
 0.0004705138789683055    8    7    6    5
 0.01750143903769963    8    7    7    4
 0.003916873659656909    8    7    7    5
 -0.001543977464738293    8    7    8    1
 0.008068515486473927    8    7    8    2
 -0.006108580505905303    8    7    8    3
 0.004779531967434278    8    7    8    6
 0.04748246781572583    8    7    8    7
 0.007189518167818042    8    7   10    4
 0.001609035364262973    8    7   10    5
 0.01456181310628219    8    7   10    8
 0.4986481507542233    8    8    1    1
 -0.0007437876082924484    8    8    2    1
 0.3985333236770447    8    8    2    2
 -0.003856240586096234    8    8    3    1
 0.006152292327969381    8    8    3    2
 0.4059912690028891    8    8    3    3
 0.408229747703287    8    8    4    4
 0.005551599791752849    8    8    5    4
 0.3846664629904623    8    8    5    5
 -0.001597102728249331    8    8    6    1
 -0.008154876301076273    8    8    6    2
 -0.02017039361461361    8    8    6    3
 0.4041752508867106    8    8    6    6
 0.0005757107439028318    8    8    7    1
 -0.006116209479477969    8    8    7    2
 -0.000294527658550499    8    8    7    3
 -0.01769968217140324    8    8    7    6
 0.2817029320282612    8    8    7    7
 -0.04487893088890864    8    8    8    4
 -0.01004403705853396    8    8    8    5
 0.3268184528822629    8    8    8    8
 0.01022998355276745    8    8    9    4
 -0.04570978005992499    8    8    9    5
 0.297130635407852    8    8    9    9
 0.001875347250155355    8    8   10    1
 -0.002614648027464537    8    8   10    2
 -0.0290998130993427    8    8   10    3
 -0.005916910500336619    8    8   10    6
 0.004512973864903291    8    8   10    7
 0.2745460129510872    8    8   10   10
 0.002993774966400888    9    1    4    1
 0.0009965388862222561    9    1    4    2
 0.004030168271080259    9    1    4    3
 -0.01337683433773205    9    1    5    1
 -0.004452751373002853    9    1    5    2
 -0.01800766387603147    9    1    5    3
 -3.289598972288643e-05    9    1    6    4
 0.0001469864000592568    9    1    6    5
 -0.0001213097013378773    9    1    7    4
 0.000542037994361142    9    1    7    5
 0.008171259469281933    9    1    9    1
 0.001689241334253128    9    1    9    2
 0.009085042785869983    9    1    9    3
 0.0003267641452091144    9    1    9    6
 -0.001543977464738299    9    1    9    7
 -0.001088040036541048    9    1   10    4
 0.004861598311487973    9    1   10    5
 -0.004161353539542606    9    1   10    9
 0.0006332908671883372    9    2    4    1
 -0.0003181334633416855    9    2    4    2
 0.002076353401901517    9    2    4    3
 -0.002829680624980776    9    2    5    1
 0.001421489151379585    9    2    5    2
 -0.009277596277456406    9    2    5    3
 -0.0001684283612015723    9    2    6    4
 0.0007525743620863253    9    2    6    5
 -0.0008446186376242422    9    2    7    4
 0.00377393883002611    9    2    7    5
 0.001689241334253127    9    2    9    1
 0.007124603760376449    9    2    9    2
 0.004395122646600272    9    2    9    3
 0.0009908912635581443    9    2    9    6
 0.008068515486473894    9    2    9    7
 -0.001046300392748674    9    2   10    4
 0.004675096551471664    9    2   10    5
 0.0001928870678370241    9    2   10    9
 0.003420741853071678    9    3    4    1
 0.003713296289394952    9    3    4    2
 0.01450920384191359    9    3    4    3
 -0.01528461477373412    9    3    5    1
 -0.01659181129764981    9    3    5    2
 -0.06483026224212003    9    3    5    3
 0.0005268637423958368    9    3    6    4
 -0.002354141202890557    9    3    6    5
 -0.0002629910026766116    9    3    7    4
 0.001175100705497702    9    3    7    5
 0.009085042785869982    9    3    9    1
 0.00439512264660027    9    3    9    2
 0.03096004218947133    9    3    9    3
 0.002543731389039037    9    3    9    6
 -0.00610858050590533    9    3    9    7
 -0.002954367382572964    9    3   10    4
 0.01320075272624399    9    3   10    5
 -0.01223318689568094    9    3   10    9
 0.08429003151522568    9    4    1    1
 -0.00041249108758859    9    4    2    1
 0.009521113822834722    9    4    2    2
 -0.001441601226314591    9    4    3    1
 0.01020544527861216    9    4    3    2
 0.04694575251588237    9    4    3    3
 0.04743284672533233    9    4    4    4
 -0.01444907844687632    9    4    5    4
 0.0409653540062507    9    4    5    5
 0.0004457515564516779    9    4    6    1
 -0.00673439609038671    9    4    6    2
 0.004161870361874747    9    4    6    3
 0.0476417431946878    9    4    6    6
 6.990165758570215e-05    9    4    7    1
 -0.0009283207299395553    9    4    7    2
 -0.002270857885336627    9    4    7    3
 -0.006427939468106409    9    4    7    6
 -0.001661736882414205    9    4    7    7
 -0.02027223355697816    9    4    8    4
 0.005100254033924765    9    4    8    5
 0.01022998355276745    9    4    8    8
 0.0141742253194514    9    4    9    4
 -0.02027223355697823    9    4    9    5
 0.0004154245855081573    9    4    9    8
 0.01004403705853404    9    4    9    9
 0.0006272326309531812    9    4   10    1
 -0.001686950869981131    9    4   10    2
 -0.0110014508609963    9    4   10    3
 -0.0003907218841903248    9    4   10    6
 0.003565969652205864    9    4   10    7
 0.009310602210666659    9    4   10   10
 -0.3766260993413634    9    5    1    1
 0.001843099433454411    9    5    2    1
 -0.04254239672257862    9    5    2    2
 0.006441386210355297    9    5    3    1
 -0.04560013774144974    9    5    3    2
 -0.2097637802817525    9    5    3    3
 -0.1830420657124252    9    5    4    4
 0.003233746359540721    9    5    5    4
 -0.2119402226061776    9    5    5    5
 -0.001991714405177455    9    5    6    1
 0.03009073890883435    9    5    6    2
 -0.01859613731517201    9    5    6    3
 -0.2128736172319152    9    5    6    6
 -0.0003123357312927677    9    5    7    1
 0.004147937889805005    9    5    7    2
 0.0101466843959884    9    5    7    3
 0.02872142440993172    9    5    7    6
 0.007424999954381196    9    5    7    7
 0.08094348632674954    9    5    8    4
 0.02027223355697828    9    5    8    5
 -0.04570978005992499    9    5    8    8
 -0.02027223355697823    9    5    9    4
 0.1002179656801261    9    5    9    5
 9.297324711668637e-05    9    5    9    8
 -0.04487893088890906    9    5    9    9
 -0.002802611114611415    9    5   10    1
 0.007537661506589267    9    5   10    2
 0.04915686292185427    9    5   10    3
 0.001745829922288352    9    5   10    6
 -0.01593352400440586    9    5   10    7
 -0.04160178528927289    9    5   10   10
 0.0001051807815673792    9    6    4    1
 -0.0007081763192775993    9    6    4    2
 0.0008863470195587859    9    6    4    3
 -0.0004699704908787732    9    6    5    1
 0.003164285028500295    9    6    5    2
 -0.003960390269624803    9    6    5    3
 0.004255963690154249    9    6    6    4
 -0.01901656666567659    9    6    6    5
 -0.001053054347540482    9    6    7    4
 0.004705274682890531    9    6    7    5
 0.0003267641452091143    9    6    9    1
 0.0009908912635581447    9    6    9    2
 0.002543731389039035    9    6    9    3
 0.0106369306498424    9    6    9    6
 0.004779531967434262    9    6    9    7
 -0.0003520390483901377    9    6   10    4
 0.001572986641807972    9    6   10    5
 3.39370375949816e-05    9    6   10    9
 -0.0005644738585743484    9    7    4    1
 -0.002185923792512632    9    7    4    2
 -0.004406308797249278    9    7    4    3
 0.002522191339988084    9    7    5    1
 0.009767180491358567    9    7    5    2
 0.01968834113559156    9    7    5    3
 -0.0004705138789683025    9    7    6    4
 0.002102357820210292    9    7    6    5
 -0.003916873659656896    9    7    7    4
 0.0175014390376997    9    7    7    5
 -0.001543977464738298    9    7    9    1
 0.008068515486473894    9    7    9    2
 -0.006108580505905336    9    7    9    3
 0.00477953196743426    9    7    9    6
 0.04748246781572573    9    7    9    7
 -0.00160903536426297    9    7   10    4
 0.007189518167818059    9    7   10    5
 0.01456181310628216    9    7   10    9
 -0.005551599791752646    9    8    4    4
 0.01178164235641209    9    8    5    4
 0.005551599791752848    9    8    5    5
 -9.297324711681116e-05    9    8    8    4
 0.000415424585508182    9    8    8    5
 0.0004154245855081541    9    8    9    4
 9.297324711668805e-05    9    8    9    5
 0.0148439087372055    9    8    9    8
 0.4986481507542246    9    9    1    1
 -0.0007437876082924599    9    9    2    1
 0.3985333236770448    9    9    2    2
 -0.003856240586096273    9    9    3    1
 0.006152292327969534    9    9    3    2
 0.4059912690028898    9    9    3    3
 0.3846664629904633    9    9    4    4
 -0.005551599791752649    9    9    5    4
 0.4082297477032872    9    9    5    5
 -0.001597102728249322    9    9    6    1
 -0.008154876301076383    9    9    6    2
 -0.02017039361461352    9    9    6    3
 0.4041752508867113    9    9    6    6
 0.0005757107439028305    9    9    7    1
 -0.006116209479477998    9    9    7    2
 -0.0002945276585505233    9    9    7    3
 -0.01769968217140336    9    9    7    6
 0.2817029320282611    9    9    7    7
 -0.04570978005992522    9    9    8    4
 -0.01022998355276756    9    9    8    5
 0.297130635407852    9    9    8    8
 0.01004403705853404    9    9    9    4
 -0.04487893088890904    9    9    9    5
 0.3268184528822631    9    9    9    9
 0.001875347250155364    9    9   10    1
 -0.002614648027464593    9    9   10    2
 -0.02909981309934292    9    9   10    3
 -0.005916910500336623    9    9   10    6
 0.004512973864903402    9    9   10    7
 0.2745460129510874    9    9   10   10
 0.2182113621789765   10    1    1    1
 -0.007764504237363693   10    1    2    1
 0.001454879696943937   10    1    2    2
 -0.03330855589412055   10    1    3    1
 0.002157881441189309   10    1    3    2
 0.009944430205527882   10    1    3    3
 0.005407058370214511   10    1    4    4
 0.005407058370214502   10    1    5    5
 0.0009209471339383282   10    1    6    1
 -0.0008749631471215884   10    1    6    2
 -0.0001976698184185325   10    1    6    3
 0.006933249774720226   10    1    6    6
 0.002640266612991086   10    1    7    1
 -0.0001400972237648568   10    1    7    2
 -0.0006999672205753483   10    1    7    3
 -0.0008411560554619689   10    1    7    6
 0.0002816685585705102   10    1    7    7
 -0.00280261111461141   10    1    8    4
 -0.0006272326309531838   10    1    8    5
 0.00187534725015535   10    1    8    8
 0.000627232630953183   10    1    9    4
 -0.002802611114611419   10    1    9    5
 0.001875347250155362   10    1    9    9
 0.01414421970030376   10    1   10    1
 -0.0008381481667007208   10    1   10    2
 -0.003852846462279168   10    1   10    3
 5.998410567942924e-05   10    1   10    6
 0.0004017002933426202   10    1   10    7
 0.001924889639431404   10    1   10   10
 -0.04350136617696228   10    2    1    1
 0.0004094237416529125   10    2    2    1
 0.0163547376256713   10    2    2    2
 0.002110551086301519   10    2    3    1
 -0.006274759018536816   10    2    3    2
 -0.01150099029761565   10    2    3    3
 -0.01071506933371133   10    2    4    4
 -0.01071506933371131   10    2    5    5
 0.0008249957976928597   10    2    6    1
 0.003083397043701734   10    2    6    2
 -0.001060554115716933   10    2    6    3
 -0.01320655382191254   10    2    6    6
 -0.0002775046302275936   10    2    7    1
 -0.004216117310774437   10    2    7    2
 0.002873522096053014   10    2    7    3
 9.009847477869798e-05   10    2    7    6
 -0.002646762127858682   10    2    7    7
 0.007537661506589238   10    2    8    4
 0.001686950869981132   10    2    8    5
 -0.002614648027464525   10    2    8    8
 -0.00168695086998113   10    2    9    4
 0.007537661506589263   10    2    9    5
 -0.002614648027464563   10    2    9    9
 -0.0008381481667007117   10    2   10    1
 0.004321588989347867   10    2   10    2
 0.005005903887183167   10    2   10    3
 9.343790115859368e-06   10    2   10    6
 0.003550989868945461   10    2   10    7
 -0.001557831331413081   10    2   10   10
 -0.2593385350332308   10    3    1    1
 0.002285731748662191   10    3    2    1
 -0.03462958993872361   10    3    2    2
 0.009216463238683062   10    3    3    1
 -0.0230552260906895   10    3    3    2
 -0.1159471342266583   10    3    3    3
 -0.1048868923609391   10    3    4    4
 -0.1048868923609389   10    3    5    5
 -0.0009172541818213494   10    3    6    1
 0.01722413505456329   10    3    6    2
 -0.005417066967096516   10    3    6    3
 -0.1269457548219663   10    3    6    6
 -0.0006365900974211695   10    3    7    1
 0.003480990833958772   10    3    7    2
 0.006238546169586477   10    3    7    3
 0.01624019148073542   10    3    7    6
 -0.002328272379392895   10    3    7    7
 0.04915686292185405   10    3    8    4
 0.01100145086099632   10    3    8    5
 -0.02909981309934266   10    3    8    8
 -0.0110014508609963   10    3    9    4
 0.04915686292185424   10    3    9    5
 -0.02909981309934289   10    3    9    9
 -0.003852846462279143   10    3   10    1
 0.005005903887183167   10    3   10    2
 0.03299589671752873   10    3   10    3
 0.002606007248734337   10    3   10    6
 -0.005696587011046471   10    3   10    7
 -0.01781315002833779   10    3   10   10
 -0.008509042954346789   10    4    4    1
 -0.002793786282459329   10    4    4    2
 -0.01905318514143814   10    4    4    3
 -0.001068870483487598   10    4    6    4
 0.006052121606157591   10    4    7    4
 0.004861598311487966   10    4    8    1
 0.004675096551471658   10    4    8    2
 0.01320075272624399   10    4    8    3
 0.001572986641807972   10    4    8    6
 0.007189518167818048   10    4    8    7
 -0.001088040036541048   10    4    9    1
 -0.001046300392748674   10    4    9    2
 -0.002954367382572963   10    4    9    3
 -0.0003520390483901381   10    4    9    6
 -0.00160903536426297   10    4    9    7
 0.01559907130426378   10    4   10    4
 0.004358499368841347   10    4   10    8
 -0.0009754450097887354   10    4   10    9
 -0.008509042954346761   10    5    5    1
 -0.002793786282459295   10    5    5    2
 -0.01905318514143803   10    5    5    3
 -0.001068870483487594   10    5    6    5
 0.006052121606157616   10    5    7    5
 0.001088040036541049   10    5    8    1
 0.001046300392748675   10    5    8    2
 0.002954367382572966   10    5    8    3
 0.0003520390483901386   10    5    8    6
 0.001609035364262974   10    5    8    7
 0.004861598311487971   10    5    9    1
 0.004675096551471661   10    5    9    2
 0.01320075272624399   10    5    9    3
 0.001572986641807974   10    5    9    6
 0.007189518167818066   10    5    9    7
 0.01559907130426379   10    5   10    5
 0.0009754450097887382   10    5   10    8
 0.004358499368841363   10    5   10    9
 -0.007367657305708819   10    6    1    1
 0.001494433093009282   10    6    2    1
 -0.002325253497223706   10    6    2    2
 -8.773582190287895e-05   10    6    3    1
 0.005951179146763801   10    6    3    2
 -0.007899599911324075   10    6    3    3
 -0.005317277600160956   10    6    4    4
 -0.005317277600160938   10    6    5    5
 -0.01203080883967619   10    6    6    1
 -0.01046459083969533   10    6    6    2
 -0.03457772957413391   10    6    6    3
 -0.01052675900952286   10    6    6    6
 0.001467776941040444   10    6    7    1
 -0.0007619590250077707   10    6    7    2
 0.005247369453459163   10    6    7    3
 0.003005318524453911   10    6    7    6
 -0.01032438562635318   10    6    7    7
 0.001745829922288362   10    6    8    4
 0.0003907218841903246   10    6    8    5
 -0.005916910500336612   10    6    8    8
 -0.0003907218841903243   10    6    9    4
 0.001745829922288353   10    6    9    5
 -0.005916910500336612   10    6    9    9
 5.998410567942667e-05   10    6   10    1
 9.343790115854594e-06   10    6   10    2
 0.002606007248734333   10    6   10    3
 0.01378139119200264   10    6   10    6
 0.003557119512016701   10    6   10    7
 -0.001957514699350618   10    6   10   10
 0.05597008953552024   10    7    1    1
 -0.0004194296089273582   10    7    2    1
 -0.01676792100780648   10    7    2    2
 -0.000756458234280557   10    7    3    1
 0.0165764159561612   10    7    3    2
 0.0397359044023573   10    7    3    3
 0.04028569303825418   10    7    4    4
 0.04028569303825407   10    7    5    5
 0.002053889156147507   10    7    6    1
 -0.01082676636051382   10    7    6    2
 0.0132089132649232   10    7    6    3
 0.03957558816600278   10    7    6    6
 -0.0002670239932365846   10    7    7    1
 -0.00155201549632282   10    7    7    2
 0.0006737177620516409   10    7    7    3
 -0.01100415429128427   10    7    7    6
 -0.03590245013233786   10    7    7    7
 -0.0159335240044058   10    7    8    4
 -0.003565969652205876   10    7    8    5
 0.004512973864903344   10    7    8    8
 0.003565969652205866   10    7    9    4
 -0.01593352400440586   10    7    9    5
 0.004512973864903401   10    7    9    9
 0.0004017002933426055   10    7   10    1
 0.003550989868945457   10    7   10    2
 -0.005696587011046508   10    7   10    3
 0.003557119512016697   10    7   10    6
 0.03301288250452038   10    7   10    7
 0.009964585416154964   10    7   10   10
 0.006933668996166618   10    8    4    1
 0.01073642215004619   10    8    4    2
 0.03532714711549589   10    8    4    3
 0.001551775565275708   10    8    5    1
 0.002402842933537432   10    8    5    2
 0.007906319686595166   10    8    5    3
 -0.0002410901145770429   10    8    6    4
 -5.395667849691243e-05   10    8    6    5
 0.005547007977722831   10    8    7    4
 0.001241436740775862   10    8    7    5
 -0.004161353539542585   10    8    8    1
 0.0001928870678370568   10    8    8    2
 -0.01223318689568084   10    8    8    3
 3.393703759498347e-05   10    8    8    6
 0.01456181310628219   10    8    8    7
 0.004358499368841354   10    8   10    4
 0.0009754450097887398   10    8   10    5
 0.02154168490471367   10    8   10    8
 -0.001551775565275706   10    9    4    1
 -0.00240284293353743   10    9    4    2
 -0.007906319686595158   10    9    4    3
 0.006933668996166622   10    9    5    1
 0.01073642215004618   10    9    5    2
 0.03532714711549589   10    9    5    3
 5.395667849691268e-05   10    9    6    4
 -0.0002410901145770405   10    9    6    5
 -0.001241436740775858   10    9    7    4
 0.005547007977722842   10    9    7    5
 -0.004161353539542604   10    9    9    1
 0.0001928870678370269   10    9    9    2
 -0.01223318689568093   10    9    9    3
 3.393703759498151e-05   10    9    9    6
 0.01456181310628215   10    9    9    7
 -0.0009754450097887364   10    9   10    4
 0.004358499368841364   10    9   10    5
 0.02154168490471364   10    9   10    9
 0.4340779427817165   10   10    1    1
 -0.0009260171429950644   10   10    2    1
 0.3377973279252831   10   10    2    2
 -0.003924066625846679   10   10    3    1
 0.01091188378792521   10   10    3    2
 0.3726232955839274   10   10    3    3
 0.3620224465595637   10   10    4    4
 0.3620224465595634   10   10    5    5
 6.117590012119019e-05   10   10    6    1
 -0.008957184406851983   10   10    6    2
 -0.001306767737656777   10   10    6    3
 0.3738563995230363   10   10    6    6
 0.0003794105370931812   10   10    7    1
 -0.004611852588644155   10   10    7    2
 -0.0008976668970723948   10   10    7    3
 -0.01791958982800438   10   10    7    6
 0.2467142405885367   10   10    7    7
 -0.04160178528927265   10   10    8    4
 -0.009310602210666655   10   10    8    5
 0.2745460129510872   10   10    8    8
 0.009310602210666654   10   10    9    4
 -0.04160178528927289   10   10    9    5
 0.2745460129510873   10   10    9    9
 0.001924889639431409   10   10   10    1
 -0.001557831331413095   10   10   10    2
 -0.01781315002833777   10   10   10    3
 -0.00195751469935062   10   10   10    6
 0.009964585416154956   10   10   10    7
 0.276335107261891   10   10   10   10
 -41.59311885371156    1    1  0  0
 0.1668555479331374    2    1  0  0
 -9.394374762633088    2    2  0  0
 0.7172226884831587    3    1  0  0
 -0.5427646304685587    3    2  0  0
 -10.07192349194694    3    3  0  0
 1.015394170731543e-15    4    3  0  0
 -8.795994908308291    4    4  0  0
 -2.470246229790973e-15    5    4  0  0
 -8.795994908308277    5    5  0  0
 0.02510159810450564    6    1  0  0
 0.5467797151303404    6    2  0  0
 0.3064468770281414    6    3  0  0
 1.040557786317699e-15    6    4  0  0
 -1.386235518614566e-15    6    5  0  0
 -9.655855678041549    6    6  0  0
 -0.06042020220361401    7    1  0  0
 0.3839602289190141    7    2  0  0
 0.08936730899991543    7    3  0  0
 1.218387391902103e-15    7    5  0  0
 0.8349398529706958    7    6  0  0
 -3.354841696318512    7    7  0  0
 2.151384955441832    8    4  0  0
 0.4814862963897078    8    5  0  0
 -7.656189824628886e-15    8    6  0  0
 -4.529182024290952    8    8  0  0
 -0.4814862963897067    9    4  0  0
 2.151384955441838    9    5  0  0
 -1.39449180912684e-15    9    6  0  0
 -1.054711873393899e-15    9    8  0  0
 -4.529182024290959    9    9  0  0
 -0.2959277378028053   10    1  0  0
 0.1160514568194981   10    2  0  0
 1.265055157472474   10    3  0  0
 -1.337871319890016e-15   10    4  0  0
 0.0634308696924071   10    6  0  0
 -0.3783979218471027   10    7  0  0
 -4.01074148159339   10   10  0  0
 14.28778469484  0  0  0  0
